period	total	v1abs	v2abs	v1rel	v2rel	v1ipm	v2ipm
199801	2	2	0	1.0000000000	0.0000000000	3401.3605442176868	0.0
199802	3	3	0	1.0000000000	0.0000000000	1127.3957158962796	0.0
199803	16	15	1	0.9375000000	0.0625000000	6890.215893431328	459.34772622875516
199804	9	9	0	1.0000000000	0.0000000000	1773.049645390071	0.0
199805	0	0	0	NaN	NaN	0.0	0.0
199806	18	16	2	0.8888888889	0.1111111111	6371.963361210673	796.4954201513341
199807	9	9	0	1.0000000000	0.0000000000	7340.94616639478	0.0
199808	17	12	5	0.7058823529	0.2941176471	4311.893639956881	1796.6223499820337
199809	23	23	0	1.0000000000	0.0000000000	6725.146198830409	0.0
199810	51	49	2	0.9607843137	0.0392156863	7053.40434720023	287.89405498776455
199811	45	45	0	1.0000000000	0.0000000000	17605.6338028169	0.0
199812	12	12	0	1.0000000000	0.0000000000	12195.121951219513	0.0
199901	102	74	28	0.7254901961	0.2745098039	7444.66800804829	2816.9014084507044
199902	2757	2671	86	0.9688066739	0.0311933261	5125.400571834283	165.02600118972234
199903	15	11	4	0.7333333333	0.2666666667	3937.007874015748	1431.6392269148173
199904	193	178	15	0.9222797927	0.0777202073	6250.4389353184915	526.7223821897605
199905	13	8	5	0.6153846154	0.3846153846	3809.5238095238096	2380.952380952381
199906	14	12	2	0.8571428571	0.1428571429	6063.66851945427	1010.611419909045
199907	24	24	0	1.0000000000	0.0000000000	2796.5509205313447	0.0
199908	0	0	0	NaN	NaN	0.0	0.0
199909	56	56	0	1.0000000000	0.0000000000	9985.73466476462	0.0
199910	44	31	13	0.7045454545	0.2954545455	3758.9426458105977	1576.3307869528314
199911	1	1	0	1.0000000000	0.0000000000	5181.347150259067	0.0
199912	109	74	35	0.6788990826	0.3211009174	5762.791059886302	2725.644420216494
200001	282	222	60	0.7872340426	0.2127659574	6769.7374439667	1829.6587686396488
200002	49	43	6	0.8775510204	0.1224489796	4250.6919731119015	593.1198102016608
200003	73	72	1	0.9863013699	0.0136986301	7161.328824348518	99.46290033817387
200004	197	158	39	0.8020304569	0.1979695431	7671.764991502791	1893.6635105608157
200005	63	57	6	0.9047619048	0.0952380952	6465.517241379311	680.5807622504537
200006	20	20	0	1.0000000000	0.0000000000	5625.879043600563	0.0
200007	188	108	80	0.5744680851	0.4255319149	3827.8868646771107	2835.4717516126743
200008	17	16	1	0.9411764706	0.0588235294	4049.607694254619	253.1004808909137
200009	45	27	18	0.6000000000	0.4000000000	3725.1655629139073	2483.4437086092717
200010	209	155	54	0.7416267943	0.2583732057	4251.933944148791	1481.3189224776431
200011	20	17	3	0.8500000000	0.1500000000	2737.5201288244766	483.09178743961354
200012	71	64	7	0.9014084507	0.0985915493	3629.146583498724	396.93790757017297
200101	292	226	66	0.7739726027	0.2260273973	5682.3896208387805	1659.458915820175
200102	73	72	1	0.9863013699	0.0136986301	13787.820758330141	191.49751053236307
200103	65	56	9	0.8615384615	0.1384615385	8720.024914356898	1401.4325755216444
200104	71	59	12	0.8309859155	0.1690140845	7401.83163969389	1505.4572826496048
200105	41	27	14	0.6585365854	0.3414634146	3138.4400790421946	1627.3393002441007
200106	221	212	9	0.9592760181	0.0407239819	12437.665004400118	528.0140803754767
200107	128	126	2	0.9843750000	0.0156250000	10732.538330494039	170.35775127768312
200108	179	167	12	0.9329608939	0.0670391061	6061.045984103364	435.5242623307807
200109	780	670	110	0.8589743590	0.1410256410	6156.560412397659	1010.7785751697648
200110	81	75	6	0.9259259259	0.0740740741	26150.62761506276	2092.0502092050206
200111	236	201	35	0.8516949153	0.1483050847	7434.806732014055	1294.6180876641392
200112	75	60	15	0.8000000000	0.2000000000	6443.298969072164	1610.824742268041
200201	149	132	17	0.8859060403	0.1140939597	6370.963849606642	820.5029200250978
200202	25	25	0	1.0000000000	0.0000000000	13943.112102621304	0.0
200203	224	156	68	0.6964285714	0.3035714286	5071.85122569738	2210.806944534755
200204	34	33	1	0.9705882353	0.0294117647	13295.72925060435	402.90088638195004
200205	57	53	4	0.9298245614	0.0701754386	17869.184086311532	1348.6176668914363
200206	96	93	3	0.9687500000	0.0312500000	6658.07560137457	214.7766323024055
200207	337	336	1	0.9970326409	0.0029673591	9120.026057217307	27.142934694099125
200208	204	204	0	1.0000000000	0.0000000000	13789.374070569149	0.0
200209	24	24	0	1.0000000000	0.0000000000	7194.244604316547	0.0
200210	64	62	2	0.9687500000	0.0312500000	18354.055654233274	592.0663114268798
200211	248	202	46	0.8145161290	0.1854838710	5187.467899332306	1181.3045711350796
200212	52	38	14	0.7307692308	0.2692307692	5269.7268062682015	1941.4782970461795
200301	356	350	6	0.9831460674	0.0168539326	9930.76835773465	170.2417432754511
200302	88	86	2	0.9772727273	0.0227272727	7593.148507858025	176.58484901995408
200303	83	80	3	0.9638554217	0.0361445783	5846.243788365975	219.23414206372405
200304	57	56	1	0.9824561404	0.0175438596	22178.21782178218	396.03960396039605
200305	157	124	33	0.7898089172	0.2101910828	5439.550798385681	1447.6223898929636
200306	159	125	34	0.7861635220	0.2138364780	4419.772293331447	1202.1780637861539
200307	110	91	19	0.8272727273	0.1727272727	8785.479822359528	1834.3309519212203
200308	111	108	3	0.9729729730	0.0270270270	5290.746093175917	146.9651692548866
200309	194	178	16	0.9175257732	0.0824742268	6818.094763856437	612.8624506837247
200310	140	88	52	0.6285714286	0.3714285714	4476.548987689491	2645.233492725608
200311	97	86	11	0.8865979381	0.1134020619	7485.420837322656	957.4375489598747
200312	153	125	28	0.8169934641	0.1830065359	9799.310128566949	2195.045468798997
200401	315	234	81	0.7428571429	0.2571428571	5497.861942577886	1903.1060570461914
200402	107	87	20	0.8130841121	0.1869158879	7381.639232988292	1696.9285593076534
200403	192	148	44	0.7708333333	0.2291666667	5987.2972207613575	1780.0072818479714
200404	147	87	60	0.5918367347	0.4081632653	5189.073124179888	3578.6711201240605
200405	307	223	84	0.7263843648	0.2736156352	5682.831732116919	2140.6182309319333
200406	339	174	165	0.5132743363	0.4867256637	3502.485959862316	3321.322892972886
200407	287	208	79	0.7247386760	0.2752613240	6539.441003552677	2483.729996541642
200408	368	268	100	0.7282608696	0.2717391304	7347.699731315458	2741.679004222186
200409	448	372	76	0.8303571429	0.1696428571	8543.475265261128	1745.4411832253916
200410	761	578	183	0.7595269382	0.2404730618	5747.469323628264	1819.700495197184
200411	905	737	168	0.8143646409	0.1856353591	7087.015472195244	1615.493350513977
200412	662	563	99	0.8504531722	0.1495468278	7046.660658856514	1239.1108440973267
200501	1021	824	197	0.8070519099	0.1929480901	5719.0449750138805	1367.29594669628
200502	791	692	99	0.8748419722	0.1251580278	6026.247267723873	862.1365310761031
200503	1249	1101	148	0.8815052042	0.1184947958	7394.224311618536	993.9556749496306
200504	1114	1043	71	0.9362657092	0.0637342908	7163.067963298719	487.6105708477556
200505	1593	1533	60	0.9623352166	0.0376647834	7577.517559772427	296.5760297366899
200506	8724	6594	2130	0.7558459422	0.2441540578	4230.90989586341	1366.672441338954
200507	2214	2101	113	0.9489611563	0.0510388437	6786.899120384279	365.02598791214825
200508	2907	2760	147	0.9494324045	0.0505675955	8474.211990395892	451.3438994884769
200509	3311	3138	173	0.9477499245	0.0522500755	8030.093658836174	442.70433491990383
200510	3245	3108	137	0.9577812018	0.0422187982	7150.761896654465	315.2041119181666
200511	3281	3065	216	0.9341664127	0.0658335873	8584.3040272009	604.9623719006182
200512	3461	3329	132	0.9618607339	0.0381392661	7986.488464094389	316.6766227877619
200601	3417	3221	196	0.9426397425	0.0573602575	6980.8217040487025	424.7876603519236
200602	3790	3524	266	0.9298153034	0.0701846966	7427.391139400582	560.6373561522573
200603	4080	3748	332	0.9186274510	0.0813725490	6665.694438022202	590.451054808797
200604	3825	3471	354	0.9074509804	0.0925490196	6590.990224598768	672.2012502183704
200605	4383	4033	350	0.9201460187	0.0798539813	6557.393041976746	569.0770058745006
200606	4352	4000	352	0.9191176471	0.0808823529	6474.608205270979	569.7655220638461
200607	4704	4229	475	0.8990221088	0.1009778912	6685.214752051092	750.881297522882
200608	5511	5075	436	0.9208855017	0.0791144983	6975.590244894761	599.2822358175598
200609	5568	5151	417	0.9251077586	0.0748922414	7202.241629543872	583.0585827062307
200610	5727	5152	575	0.8995983936	0.1004016064	6539.988245285103	729.9094023755695
200611	6476	5868	608	0.9061148857	0.0938851143	6432.644685175319	666.5044254578381
200612	6243	5737	506	0.9189492231	0.0810507769	7045.453429024763	621.4048169925971
200701	7791	6746	1045	0.8658708767	0.1341291233	6208.116380555877	961.6782712245616
200702	7493	6734	759	0.8987054584	0.1012945416	6360.47475928616	716.8993677306498
200703	8314	7355	959	0.8846523936	0.1153476064	6066.004395894416	790.9310966230788
200704	8708	7561	1147	0.8682820395	0.1317179605	6298.046447780191	955.4105641586931
200705	9668	8408	1260	0.8696731485	0.1303268515	6127.087512852819	918.1886615359839
200706	9490	8343	1147	0.8791359326	0.1208640674	6327.861019147411	869.9576398132663
200707	9837	8625	1212	0.8767917048	0.1232082952	6169.722079951014	866.9800766261599
200708	12363	10654	1709	0.8617649438	0.1382350562	5836.883912629726	936.2900888571618
200709	12525	10463	2062	0.8353692615	0.1646307385	5639.728960975749	1111.451889279556
200710	13165	10668	2497	0.8103304216	0.1896695784	5303.454752353819	1241.3504421285606
200711	13939	11395	2544	0.8174904943	0.1825095057	5711.968415997722	1275.2301579901891
200712	13733	11016	2717	0.8021553921	0.1978446079	5580.541458417975	1376.3917159151815
200801	16547	13553	2994	0.8190608570	0.1809391430	5455.972000755213	1205.281500056158
200802	17767	14387	3380	0.8097596668	0.1902403332	5707.6910015496105	1340.9324796856663
200803	20225	16218	4007	0.8018788628	0.1981211372	5683.4369759825895	1404.2133409028388
200804	21390	16471	4919	0.7700327256	0.2299672744	5326.237288705602	1590.660022047408
200805	21302	16401	4901	0.7699277063	0.2300722937	5140.813659688229	1536.1946068003176
200806	19266	15251	4015	0.7916017855	0.2083982145	5095.278807067975	1341.390361968259
200807	19734	15665	4069	0.7938076416	0.2061923584	5109.3195423563075	1327.1510512510577
200808	23733	18795	4938	0.7919352800	0.2080647200	5348.161165890598	1405.119437997753
200809	28264	21962	6302	0.7770308520	0.2229691480	5267.1100133368545	1511.3982016232062
200810	29229	23322	5907	0.7979061891	0.2020938109	5319.74466502967	1347.3858046621326
200811	30327	24139	6188	0.7959573977	0.2040426023	5276.062731356411	1352.5115448706854
200812	30864	24858	6006	0.8054043546	0.1945956454	5399.647322093807	1304.6215229099446
200901	38547	31053	7494	0.8055879835	0.1944120165	5361.319768979656	1293.8437622366127
200902	36646	29337	7309	0.8005512198	0.1994487802	5425.526661866908	1351.7119804882993
200903	39886	31912	7974	0.8000802287	0.1999197713	5255.2697203946855	1313.158709903084
200904	36707	29511	7196	0.8039610973	0.1960389027	5197.009469824378	1267.2454388145516
200905	37461	29719	7742	0.7933317317	0.2066682683	5179.054585098807	1349.1786600435737
200906	35926	27992	7934	0.7791571564	0.2208428436	5068.70694555178	1436.6647937270586
200907	33492	25558	7934	0.7631076078	0.2368923922	4995.787650681893	1550.8482361886743
200908	38939	29984	8955	0.7700249108	0.2299750892	5018.335065582797	1498.7723623363777
200909	40682	32089	8593	0.7887763630	0.2112236370	5092.861518732601	1363.7994026136446
200910	43551	34210	9341	0.7855158320	0.2144841680	5078.254250273174	1386.6113110728356
200911	44332	34857	9475	0.7862717676	0.2137282324	5112.753545682923	1389.773642176484
200912	40242	30883	9359	0.7674320362	0.2325679638	4916.28716924346	1489.8659980231694
201001	49349	38492	10857	0.7799955420	0.2200044580	4954.495407837144	1397.458085911043
201002	43165	33373	9792	0.7731495425	0.2268504575	5002.734242428966	1467.8564618663124
201003	48279	37004	11275	0.7664616086	0.2335383914	4947.353151357267	1507.4426219206891
201004	46040	36451	9589	0.7917245873	0.2082754127	5192.909515214949	1366.075261073665
201005	47293	37749	9544	0.7981942359	0.2018057641	5165.098008791709	1305.8808285228235
201006	41874	33356	8518	0.7965802168	0.2034197832	5132.944746210383	1310.7813691156027
201007	40156	31955	8201	0.7957714912	0.2042285088	5138.910599198101	1318.8610803950442
201008	47196	37460	9736	0.7937113315	0.2062886685	5223.603996712448	1357.6350376933367
201009	106217	89548	16669	0.8430665524	0.1569334476	6973.086477703612	1298.0119991160218
201010	48664	38554	10110	0.7922488904	0.2077511096	4986.385540439012	1307.5778859220422
201011	48004	38320	9684	0.7982668111	0.2017331889	5032.596304876575	1271.8074795517944
201012	46556	36901	9655	0.7926153450	0.2073846550	4947.132142094409	1294.3974643484328
201101	53279	42857	10422	0.8043882205	0.1956117795	5131.405995903688	1247.8594696154241
201102	47346	37965	9381	0.8018628818	0.1981371182	5054.531424367355	1248.9545447646558
201103	52106	41572	10534	0.7978351821	0.2021648179	4981.320646694573	1262.2253365794436
201104	46806	37746	9060	0.8064350724	0.1935649276	5082.419321002997	1219.909899016774
201105	51664	41285	10379	0.7991057603	0.2008942397	5100.6250721203805	1282.2910893432827
201106	46019	37028	8991	0.8046241770	0.1953758230	5245.4561243406	1273.6819707774205
201107	47060	37041	10019	0.7871015725	0.2128984275	5233.859159013319	1415.6754654073716
201108	52121	41988	10133	0.8055869995	0.1944130005	5197.875293578195	1254.4076962424467
201109	53667	42862	10805	0.7986658468	0.2013341532	5133.832135834428	1294.1779718093183
201110	51390	41793	9597	0.8132516054	0.1867483946	5257.036016854013	1207.182414608857
201111	49099	39965	9134	0.8139676979	0.1860323021	5266.630672862309	1203.6883414468746
201112	48039	38798	9241	0.8076354629	0.1923645371	5178.908475426948	1233.524749250488
201201	51116	41367	9749	0.8092769387	0.1907230613	5180.567193648417	1220.9091684405062
201202	42319	33951	8368	0.8022637586	0.1977362414	5345.9995937474905	1317.6437984294719
201203	42739	34586	8153	0.8092374646	0.1907625354	5411.977517118787	1275.772066647472
201204	38712	31043	7669	0.8018960529	0.1981039471	5139.289598298371	1269.6328296024935
201205	39250	31824	7426	0.8108025478	0.1891974522	5112.0559319060785	1192.8773048747655
201206	35087	28565	6522	0.8141191894	0.1858808106	5122.351852582426	1169.542404429987
201207	34751	28128	6623	0.8094155564	0.1905844436	5332.230287591247	1255.523364431059
201208	36689	29861	6828	0.8138951729	0.1861048271	5219.794770695942	1193.5554299692537
201209	36330	29433	6897	0.8101568951	0.1898431049	5411.721443346358	1268.122270742358
201210	37584	30460	7124	0.8104512559	0.1895487441	5397.557773448942	1262.3835055170803
201211	34212	27304	6908	0.7980825441	0.2019174559	5225.651933762986	1322.1067813666389
201212	33730	26319	7411	0.7802846131	0.2197153869	4999.364608282431	1407.7393180584786
201301	38923	30782	8141	0.7908434602	0.2091565398	5124.455582779885	1355.2788285170243
201302	34478	27938	6540	0.8103138233	0.1896861767	5362.023942363904	1255.1949525041139
201303	34333	27503	6830	0.8010660298	0.1989339702	5238.851273806791	1300.998225651761
201304	31127	24899	6228	0.7999164712	0.2000835288	5525.673554506745	1382.1396400445
201305	30527	24693	5834	0.8088904904	0.1911095096	5512.382825868039	1302.362669830079
201306	26189	20952	5237	0.8000305472	0.1999694528	5314.901307011144	1328.4716563963996
201307	25315	20123	5192	0.7949042070	0.2050957930	5470.678733351512	1411.5074284928214
201308	26274	21027	5247	0.8002968714	0.1997031286	5330.933944031659	1330.2615876888817
201309	28045	22665	5380	0.8081654484	0.1918345516	5474.414208695345	1299.4638624655176
201310	28652	23193	5459	0.8094722881	0.1905277119	5769.192022082774	1357.9105440671697
201311	27689	22367	5322	0.8077937087	0.1922062913	5910.708061442612	1406.3928243840294
201312	23003	18613	4390	0.8091553276	0.1908446724	7061.980230401231	1665.615065355472
201401	23880	19338	4542	0.8097989950	0.1902010050	6992.529080394558	1642.3656574181446
201402	22173	18432	3741	0.8312812881	0.1687187119	7406.532310756108	1503.2463853373804
201403	22687	18379	4308	0.8101115176	0.1898884824	7040.559352692988	1650.2927086022848
201404	20821	16890	3931	0.8112002305	0.1887997695	6868.777077073047	1598.6478798090081
201405	19922	16257	3665	0.8160325269	0.1839674731	6862.647013754422	1547.1243959777298
201406	18018	14898	3120	0.8268398268	0.1731601732	6894.9111501515235	1443.9604502935128
201407	17701	14763	2938	0.8340206768	0.1659793232	6970.893462385129	1387.2847654601035
201408	19948	16697	3251	0.8370262683	0.1629737317	7550.05523382924	1470.0383041970927
201409	19795	16467	3328	0.8318767365	0.1681232635	7524.259534178562	1520.661670598546
201410	15948	13241	2707	0.8302608478	0.1697391522	564167.0217298679	115338.73029399232
201411	0	0	0	NaN	NaN	0.0	0.0
201412	0	0	0	NaN	NaN	0.0	0.0
201501	0	0	0	NaN	NaN	0.0	0.0
201502	0	0	0	NaN	NaN	0.0	0.0
201503	0	0	0	NaN	NaN	0.0	0.0
201504	0	0	0	NaN	NaN	0.0	0.0
201505	0	0	0	NaN	NaN	0.0	0.0
201506	0	0	0	NaN	NaN	0.0	0.0
201507	0	0	0	NaN	NaN	0.0	0.0
201508	0	0	0	NaN	NaN	0.0	0.0
201509	0	0	0	NaN	NaN	0.0	0.0
201510	0	0	0	NaN	NaN	0.0	0.0
201511	0	0	0	NaN	NaN	0.0	0.0
201512	0	0	0	NaN	NaN	0.0	0.0
201601	0	0	0	NaN	NaN	0.0	0.0
201602	0	0	0	NaN	NaN	0.0	0.0
201603	0	0	0	NaN	NaN	0.0	0.0
201604	0	0	0	NaN	NaN	0.0	0.0
201605	0	0	0	NaN	NaN	0.0	0.0
201606	0	0	0	NaN	NaN	0.0	0.0
201607	0	0	0	NaN	NaN	0.0	0.0
201608	0	0	0	NaN	NaN	0.0	0.0
201609	0	0	0	NaN	NaN	0.0	0.0
201610	0	0	0	NaN	NaN	0.0	0.0
201611	0	0	0	NaN	NaN	0.0	0.0
201612	0	0	0	NaN	NaN	0.0	0.0
201701	0	0	0	NaN	NaN	0.0	0.0
201702	0	0	0	NaN	NaN	0.0	0.0
201703	0	0	0	NaN	NaN	0.0	0.0
201704	0	0	0	NaN	NaN	0.0	0.0
201705	0	0	0	NaN	NaN	0.0	0.0
201706	0	0	0	NaN	NaN	0.0	0.0
201707	0	0	0	NaN	NaN	0.0	0.0
201708	0	0	0	NaN	NaN	0.0	0.0
201709	0	0	0	NaN	NaN	0.0	0.0
201710	0	0	0	NaN	NaN	0.0	0.0
201711	0	0	0	NaN	NaN	0.0	0.0
201712	0	0	0	NaN	NaN	0.0	0.0
