period	username	age	agebin	total	v1abs	v2abs	v1rel	v2rel
2010	NadiaMi	35	Gen2	3065	1	3064	0.9996737357	0.0003262643
2010	Lavish	24	Gen3	939	25	914	0.9733759318	0.0266240682
2010	mamita64	45	Gen1	754	91	663	0.8793103448	0.1206896552
2010	astro	32	Gen2	578	7	571	0.9878892734	0.0121107266
2010	pluvdo	23	Gen3	510	11	499	0.9784313725	0.0215686275
2010	Manchester	40	Gen2	408	0	408	1	0
2010	Birgitta2	40	Gen2	367	166	201	0.5476839237	0.4523160763
2010	Killarnas morsa	38	Gen2	312	10	302	0.9679487179	0.0320512821
2010	Anova	31	Gen2	286	0	286	1	0
2010	Anatha	31	Gen2	283	1	282	0.9964664311	0.0035335689
2010	chivasregal	48	Gen1	273	239	34	0.1245421245	0.8754578755
2010	Miss Cee	29	Gen3	254	3	251	0.9881889764	0.0118110236
2010	mirre67	42	Gen1	224	3	221	0.9866071429	0.0133928571
2010	Niiskuneiti	22	Gen3	218	142	76	0.3486238532	0.6513761468
2010	Furie	40	Gen2	214	20	194	0.9065420561	0.0934579439
2010	Digestive	28	Gen3	199	0	199	1	0
2010	RiNan	26	Gen3	192	7	185	0.9635416667	0.0364583333
2010	Emeli	56	Gen1	187	2	185	0.9893048128	0.0106951872
2010	MammaG	40	Gen2	185	2	183	0.9891891892	0.0108108108
2010	JBC	24	Gen3	173	142	31	0.1791907514	0.8208092486
2010	jådåsåatt	26	Gen3	172	25	147	0.8546511628	0.1453488372
2010	Amy1983	26	Gen3	172	86	86	0.5	0.5
2010	allakantralla	34	Gen2	165	3	162	0.9818181818	0.0181818182
2010	TessaS	36	Gen2	160	48	112	0.7	0.3
2010	Sublime	40	Gen2	159	1	158	0.9937106918	0.0062893082
2010	Jennie med ie	34	Gen2	148	104	44	0.2972972973	0.7027027027
2010	FannyN	40	Gen2	147	17	130	0.8843537415	0.1156462585
2010	Anonyhm	40	Gen2	145	6	139	0.9586206897	0.0413793103
2010	snorkan	30	Gen3	142	11	131	0.9225352113	0.0774647887
2010	Emmi27	26	Gen3	139	77	62	0.4460431655	0.5539568345
2010	Skahlmann	44	Gen1	132	35	97	0.7348484848	0.2651515152
2010	anzita	50	Gen1	128	6	122	0.953125	0.046875
2010	Lena	30	Gen3	128	0	128	1	0
2010	Sockerbit 1	39	Gen2	127	13	114	0.8976377953	0.1023622047
2010	Calles matte	31	Gen2	124	8	116	0.935483871	0.064516129
2010	Astarte	30	Gen3	121	2	119	0.9834710744	0.0165289256
2010	Neko	40	Gen2	121	0	121	1	0
2010	Sofia L	25	Gen3	114	0	114	1	0
2010	riboflavin	25	Gen3	112	0	112	1	0
2010	CeeJay	37	Gen2	112	0	112	1	0
2010	solskina	39	Gen2	110	0	110	1	0
2010	Dalton	24	Gen3	108	66	42	0.3888888889	0.6111111111
2010	FredrikBBB	41	Gen1	103	0	103	1	0
2010	3way	20	Gen4	102	6	96	0.9411764706	0.0588235294
2010	ModestyB	28	Gen3	101	0	101	1	0
2010	Butterscotch	35	Gen2	100	9	91	0.91	0.09
2010	ebben	40	Gen2	100	93	7	0.07	0.93
2010	hemljuvahem	24	Gen3	98	1	97	0.9897959184	0.0102040816
2010	hewa	40	Gen2	97	0	97	1	0
2010	längtan8402	25	Gen3	97	15	82	0.8453608247	0.1546391753
2010	annvian	30	Gen3	96	3	93	0.96875	0.03125
2010	Verkligen	40	Gen2	95	82	13	0.1368421053	0.8631578947
2010	Bradbury	33	Gen2	93	1	92	0.9892473118	0.0107526882
2010	J1983	26	Gen3	93	11	82	0.8817204301	0.1182795699
2010	Mummy	40	Gen2	91	26	65	0.7142857143	0.2857142857
2010	Gojtan	34	Gen2	91	0	91	1	0
2010	lykantrophona	20	Gen4	89	0	89	1	0
2010	Jaramla	30	Gen3	87	18	69	0.7931034483	0.2068965517
2010	delifi2	35	Gen2	86	62	24	0.2790697674	0.7209302326
2010	JAG är BÄST	37	Gen2	86	36	50	0.5813953488	0.4186046512
2010	Towanda	40	Gen2	86	39	47	0.5465116279	0.4534883721
2010	Pyris	32	Gen2	86	0	86	1	0
2010	piiiinkcat	26	Gen3	85	2	83	0.9764705882	0.0235294118
2010	Argo	40	Gen2	84	20	64	0.7619047619	0.2380952381
2010	Doktorn	38	Gen2	83	0	83	1	0
2010	kossilalli	27	Gen3	82	7	75	0.9146341463	0.0853658537
2010	Maskot	39	Gen2	81	0	81	1	0
2010	Teza73	36	Gen2	80	42	38	0.475	0.525
2010	Mavios	39	Gen2	79	0	79	1	0
2010	Singel Man	41	Gen1	79	72	7	0.0886075949	0.9113924051
2010	Colisa	29	Gen3	78	0	78	1	0
2010	Ghostrider	20	Gen4	78	3	75	0.9615384615	0.0384615385
2010	Tittij	32	Gen2	76	62	14	0.1842105263	0.8157894737
2010	Seven Costanza	26	Gen3	76	3	73	0.9605263158	0.0394736842
2010	Lilla Jag	26	Gen3	75	14	61	0.8133333333	0.1866666667
2010	LuMa	31	Gen2	75	56	19	0.2533333333	0.7466666667
2010	Dorian Ertymexx	37	Gen2	74	0	74	1	0
2010	LokesMamma84	25	Gen3	74	12	62	0.8378378378	0.1621621622
2010	CoolJen	30	Gen3	74	35	39	0.527027027	0.472972973
2010	Jose	22	Gen3	73	1	72	0.9863013699	0.0136986301
2010	Konvaljen	25	Gen3	71	0	71	1	0
2010	Lumen	40	Gen2	70	1	69	0.9857142857	0.0142857143
2010	MrBlueSky	40	Gen2	70	12	58	0.8285714286	0.1714285714
2010	fläck	26	Gen3	69	31	38	0.5507246377	0.4492753623
2010	Hoppfull84	25	Gen3	68	17	51	0.75	0.25
2010	TheCoopers	34	Gen2	67	0	67	1	0
2010	trettioplus	40	Gen2	67	0	67	1	0
2010	Tizzan	26	Gen3	65	56	9	0.1384615385	0.8615384615
2010	MajaMaria79	30	Gen3	65	1	64	0.9846153846	0.0153846154
2010	Gustie	37	Gen2	64	6	58	0.90625	0.09375
2010	hurskadetgå	32	Gen2	64	8	56	0.875	0.125
2010	Lilla JJ	32	Gen2	63	7	56	0.8888888889	0.1111111111
2010	mikroE	27	Gen3	63	0	63	1	0
2010	Habbi	19	Gen4	63	0	63	1	0
2010	Lättare	40	Gen2	62	53	9	0.1451612903	0.8548387097
2010	Zinara	30	Gen3	62	2	60	0.9677419355	0.0322580645
2010	Krake	49	Gen1	61	11	50	0.8196721311	0.1803278689
2010	mandelblomma	20	Gen4	61	1	60	0.9836065574	0.0163934426
2010	Hallonmumsan	23	Gen3	61	7	54	0.8852459016	0.1147540984
2010	Emmel	37	Gen2	60	0	60	1	0
2010	fenja	37	Gen2	60	0	60	1	0
2010	jennifer88	21	Gen3	59	1	58	0.9830508475	0.0169491525
2010	Denise87	22	Gen3	58	13	45	0.775862069	0.224137931
2010	Fotavtryck	40	Gen2	58	27	31	0.5344827586	0.4655172414
2010	metin	40	Gen2	58	10	48	0.8275862069	0.1724137931
2010	Pallas	36	Gen2	57	5	52	0.9122807018	0.0877192982
2010	Kaosmamma	28	Gen3	57	16	41	0.7192982456	0.2807017544
2010	YayasMami	21	Gen3	56	0	56	1	0
2010	Tonx	40	Gen2	56	21	35	0.625	0.375
2010	R3becca	19	Gen4	56	12	44	0.7857142857	0.2142857143
2010	Mummyfied	20	Gen4	54	1	53	0.9814814815	0.0185185185
2010	Insatt	28	Gen3	54	3	51	0.9444444444	0.0555555556
2010	Runawaybride	26	Gen3	54	11	43	0.7962962963	0.2037037037
2010	Semper Idem	40	Gen2	53	0	53	1	0
2010	Cattis40	43	Gen1	53	0	53	1	0
2010	Spanjoren	34	Gen2	52	1	51	0.9807692308	0.0192307692
2010	Petrellie	36	Gen2	52	0	52	1	0
2010	Hercule	39	Gen2	52	0	52	1	0
2010	VirrAnna	25	Gen3	52	12	40	0.7692307692	0.2307692308
2010	emseli	40	Gen2	52	7	45	0.8653846154	0.1346153846
2010	Sven Erik Johansson	46	Gen1	52	1	51	0.9807692308	0.0192307692
2010	Jojile	24	Gen3	50	0	50	1	0
2010	Gloria	40	Gen2	50	2	48	0.96	0.04
2010	EmmaOh	30	Gen3	50	0	50	1	0
2010	EsMamma	40	Gen2	50	2	48	0.96	0.04
2010	inga76	33	Gen2	50	2	48	0.96	0.04
2010	Längtan82	27	Gen3	50	2	48	0.96	0.04
2010	Mary Wollstonecraft	32	Gen2	49	0	49	1	0
2010	Winglur	21	Gen3	49	2	47	0.9591836735	0.0408163265
2010	Julia08	36	Gen2	49	6	43	0.8775510204	0.1224489796
2010	MammaBecca	28	Gen3	47	1	46	0.9787234043	0.0212765957
2010	Stumpan84	25	Gen3	47	2	45	0.9574468085	0.0425531915
2010	Azusephre	22	Gen3	47	1	46	0.9787234043	0.0212765957
2010	ToK	21	Gen3	47	0	47	1	0
2010	Mia386	21	Gen3	47	0	47	1	0
2010	fjonkan	21	Gen3	46	4	42	0.9130434783	0.0869565217
2010	Mylla	30	Gen3	46	0	46	1	0
2010	new age	30	Gen3	46	31	15	0.3260869565	0.6739130435
2010	Flissi	40	Gen2	46	39	7	0.152173913	0.847826087
2010	Tuesday	40	Gen2	46	0	46	1	0
2010	Helene70	39	Gen2	46	0	46	1	0
2010	ollebulle86	23	Gen3	46	3	43	0.9347826087	0.0652173913
2010	miljarden	33	Gen2	45	2	43	0.9555555556	0.0444444444
2010	Marleen	24	Gen3	45	23	22	0.4888888889	0.5111111111
2010	Fru Anna	38	Gen2	44	2	42	0.9545454545	0.0454545455
2010	Philippa	40	Gen2	44	13	31	0.7045454545	0.2954545455
2010	Alisa	29	Gen3	44	0	44	1	0
2010	Madame Mom	36	Gen2	43	18	25	0.5813953488	0.4186046512
2010	Eleni	24	Gen3	42	19	23	0.5476190476	0.4523809524
2010	Lajkie	23	Gen3	42	12	30	0.7142857143	0.2857142857
2010	sommar 77	32	Gen2	42	5	37	0.880952381	0.119047619
2010	dessan59	50	Gen1	41	0	41	1	0
2010	Kajsala	49	Gen1	41	0	41	1	0
2010	Psykologstudenten	40	Gen2	41	0	41	1	0
2010	Syster C	30	Gen3	41	6	35	0.8536585366	0.1463414634
2010	Obsessed Feelings	24	Gen3	40	6	34	0.85	0.15
2010	gamlingen	40	Gen2	40	0	40	1	0
2010	BaraCarolina	31	Gen2	40	8	32	0.8	0.2
2010	linas fina	26	Gen3	40	7	33	0.825	0.175
2010	Dramatic Chipmunk	23	Gen3	40	3	37	0.925	0.075
2010	Lillan1971	38	Gen2	39	2	37	0.9487179487	0.0512820513
2010	Houdini	44	Gen1	38	0	38	1	0
2010	Ollibolli	27	Gen3	38	4	34	0.8947368421	0.1052631579
2010	Liona	29	Gen3	38	0	38	1	0
2010	linda007	31	Gen2	38	18	20	0.5263157895	0.4736842105
2010	vanna	24	Gen3	38	32	6	0.1578947368	0.8421052632
2010	iti	40	Gen2	37	0	37	1	0
2010	Daimis	33	Gen2	37	31	6	0.1621621622	0.8378378378
2010	Multignutten	30	Gen3	37	7	30	0.8108108108	0.1891891892
2010	nobilis	43	Gen1	36	0	36	1	0
2010	Åja81	28	Gen3	36	25	11	0.3055555556	0.6944444444
2010	Dohgon	22	Gen3	35	0	35	1	0
2010	MHK	27	Gen3	35	0	35	1	0
2010	grönräv	31	Gen2	35	8	27	0.7714285714	0.2285714286
2010	mammasgullar	20	Gen4	34	6	28	0.8235294118	0.1764705882
2010	singer	32	Gen2	34	1	33	0.9705882353	0.0294117647
2010	Ruggugglan	22	Gen3	34	0	34	1	0
2010	Sofi 79	30	Gen3	34	0	34	1	0
2010	Anna81	28	Gen3	34	32	2	0.0588235294	0.9411764706
2010	Pinje	38	Gen2	34	3	31	0.9117647059	0.0882352941
2010	Smurfen70	29	Gen3	34	0	34	1	0
2010	Betty Boop	36	Gen2	34	22	12	0.3529411765	0.6470588235
2010	FallenMadonnaWithTheBigBoobies	35	Gen2	33	7	26	0.7878787879	0.2121212121
2010	Lillhagen	48	Gen1	33	0	33	1	0
2010	Grönögat	21	Gen3	33	0	33	1	0
2010	lunkentuss	40	Gen2	33	25	8	0.2424242424	0.7575757576
2010	EnAnka	19	Gen4	33	0	33	1	0
2010	SuzR	28	Gen3	33	9	24	0.7272727273	0.2727272727
2010	Diablo	40	Gen2	33	0	33	1	0
2010	sara1981	28	Gen3	32	6	26	0.8125	0.1875
2010	angeni	22	Gen3	32	0	32	1	0
2010	Maidens Blush	41	Gen1	32	0	32	1	0
2010	Jungblom	24	Gen3	32	0	32	1	0
2010	Dolphin Blue	25	Gen3	32	5	27	0.84375	0.15625
2010	Foxy79	30	Gen3	31	0	31	1	0
2010	LadyLi	27	Gen3	31	2	29	0.935483871	0.064516129
2010	muffin	25	Gen3	31	8	23	0.7419354839	0.2580645161
2010	Pebble	28	Gen3	31	1	30	0.9677419355	0.0322580645
2010	Mrs TH	30	Gen3	31	1	30	0.9677419355	0.0322580645
2010	RockingSkåne	29	Gen3	31	4	27	0.8709677419	0.1290322581
2010	dicny	30	Gen3	31	5	26	0.8387096774	0.1612903226
2010	Min högsta önskan	31	Gen2	31	2	29	0.935483871	0.064516129
2010	MamaPapa	38	Gen2	31	9	22	0.7096774194	0.2903225806
2010	aldrigmer	56	Gen1	30	3	27	0.9	0.1
2010	Linaek	46	Gen1	30	0	30	1	0
2010	Bumblebina	32	Gen2	30	1	29	0.9666666667	0.0333333333
2010	Saaaraa	40	Gen2	30	0	30	1	0
2010	Mymlan80	40	Gen2	30	9	21	0.7	0.3
2010	LinaIda	40	Gen2	30	0	30	1	0
2010	Hormonermedhumör	31	Gen2	30	4	26	0.8666666667	0.1333333333
2010	wannabemom	25	Gen3	30	14	16	0.5333333333	0.4666666667
2010	finskaflikkan	26	Gen3	29	22	7	0.2413793103	0.7586206897
2010	pyjamastrollet	24	Gen3	29	0	29	1	0
2010	idiblon	28	Gen3	29	7	22	0.7586206897	0.2413793103
2010	Trollsländan	40	Gen2	29	0	29	1	0
2010	ebk88	22	Gen3	29	1	28	0.9655172414	0.0344827586
2010	Anarkamamman	22	Gen3	29	7	22	0.7586206897	0.2413793103
2010	tusselisan	34	Gen2	28	4	24	0.8571428571	0.1428571429
2010	Amanda85	24	Gen3	28	4	24	0.8571428571	0.1428571429
2010	LillaMjau	35	Gen2	28	0	28	1	0
2010	jaghetersophia	27	Gen3	28	6	22	0.7857142857	0.2142857143
2010	Maxipaxi	40	Gen2	28	9	19	0.6785714286	0.3214285714
2010	lmcl	22	Gen3	28	10	18	0.6428571429	0.3571428571
2010	Lyckligamamman	40	Gen2	28	9	19	0.6785714286	0.3214285714
2010	vallakra	38	Gen2	28	0	28	1	0
2010	janniahlholm	19	Gen4	27	2	25	0.9259259259	0.0740740741
2010	Victoria86	23	Gen3	27	0	27	1	0
2010	Myzan	34	Gen2	27	0	27	1	0
2010	spaceylisie	26	Gen3	27	0	27	1	0
2010	Jordgubbssmak	42	Gen1	27	6	21	0.7777777778	0.2222222222
2010	Kyanita	36	Gen2	27	0	27	1	0
2010	Irma01	32	Gen2	27	4	23	0.8518518519	0.1481481481
2010	som en sol	27	Gen3	27	1	26	0.962962963	0.037037037
2010	rims	21	Gen3	27	3	24	0.8888888889	0.1111111111
2010	Casey	21	Gen3	26	1	25	0.9615384615	0.0384615385
2010	Magical	40	Gen2	26	0	26	1	0
2010	Some	30	Gen3	26	2	24	0.9230769231	0.0769230769
2010	Mopsan	23	Gen3	26	2	24	0.9230769231	0.0769230769
2010	Alfonsmamman	28	Gen3	26	0	26	1	0
2010	Rae	35	Gen2	26	0	26	1	0
2010	Xay1de	28	Gen3	26	13	13	0.5	0.5
2010	Lorelei	32	Gen2	26	0	26	1	0
2010	Niveaa	24	Gen3	25	0	25	1	0
2010	Tessa606	37	Gen2	25	0	25	1	0
2010	Jojo 85	24	Gen3	25	4	21	0.84	0.16
2010	Eldig72	37	Gen2	25	5	20	0.8	0.2
2010	Angelica30	32	Gen2	25	0	25	1	0
2010	versus	23	Gen3	25	3	22	0.88	0.12
2010	Krokodila	30	Gen3	25	0	25	1	0
2010	Malena C	41	Gen1	25	1	24	0.96	0.04
2010	Pumpkin	25	Gen3	25	1	24	0.96	0.04
2010	anab	40	Gen2	25	0	25	1	0
2010	Puchahontas	35	Gen2	25	3	22	0.88	0.12
2010	Hej hopp i blåbärsskogen	25	Gen3	25	0	25	1	0
2010	Cami11a87	22	Gen3	24	0	24	1	0
2010	Sossan	34	Gen2	24	2	22	0.9166666667	0.0833333333
2010	trisha	40	Gen2	24	4	20	0.8333333333	0.1666666667
2010	hannis	31	Gen2	24	0	24	1	0
2010	Frelin	24	Gen3	24	0	24	1	0
2010	emmisss	25	Gen3	24	1	23	0.9583333333	0.0416666667
2010	Lia85	24	Gen3	24	1	23	0.9583333333	0.0416666667
2010	clembke	29	Gen3	24	9	15	0.625	0.375
2010	Unikus	38	Gen2	24	17	7	0.2916666667	0.7083333333
2010	Hettie	30	Gen3	24	0	24	1	0
2010	Maddisen80	29	Gen3	24	11	13	0.5416666667	0.4583333333
2010	prospicientia	31	Gen2	24	0	24	1	0
2010	livet leker	20	Gen4	23	10	13	0.5652173913	0.4347826087
2010	Charmeuse	25	Gen3	23	10	13	0.5652173913	0.4347826087
2010	Love74	35	Gen2	23	0	23	1	0
2010	Medveten	33	Gen2	23	0	23	1	0
2010	Häpp	40	Gen2	23	0	23	1	0
2010	stormfågel	30	Gen3	23	7	16	0.6956521739	0.3043478261
2010	pamilya	24	Gen3	23	8	15	0.652173913	0.347826087
2010	Champagne	40	Gen2	23	7	16	0.6956521739	0.3043478261
2010	Mamma1988	21	Gen3	23	0	23	1	0
2010	Ulf Harrys Farsa	40	Gen2	23	11	12	0.5217391304	0.4782608696
2010	Kristina30p	34	Gen2	23	0	23	1	0
2010	Knasiga morsan	25	Gen3	23	0	23	1	0
2010	vittra	40	Gen2	23	0	23	1	0
2010	amorvincitomniia	19	Gen4	23	3	20	0.8695652174	0.1304347826
2010	Lowika	29	Gen3	23	6	17	0.7391304348	0.2608695652
2010	Zephir	24	Gen3	23	2	21	0.9130434783	0.0869565217
2010	Kitt	21	Gen3	23	16	7	0.3043478261	0.6956521739
2010	Flisan79	30	Gen3	23	0	23	1	0
2010	Johan75	34	Gen2	23	0	23	1	0
2010	yodi	30	Gen3	22	1	21	0.9545454545	0.0454545455
2010	AnnaKlara	39	Gen2	22	6	16	0.7272727273	0.2727272727
2010	Cecilia86	23	Gen3	22	0	22	1	0
2010	Corpset	28	Gen3	22	0	22	1	0
2010	jazzkatten	29	Gen3	22	6	16	0.7272727273	0.2727272727
2010	ciccir	23	Gen3	22	1	21	0.9545454545	0.0454545455
2010	tessum	25	Gen3	22	0	22	1	0
2010	Gladhannapanna	38	Gen2	22	0	22	1	0
2010	Lönnsirap	29	Gen3	22	15	7	0.3181818182	0.6818181818
2010	Rosdraken	24	Gen3	22	2	20	0.9090909091	0.0909090909
2010	Vet varken ut eller in	40	Gen2	22	6	16	0.7272727273	0.2727272727
2010	GRO68	41	Gen1	21	0	21	1	0
2010	Aakashan	40	Gen2	21	17	4	0.1904761905	0.8095238095
2010	smulan777	26	Gen3	21	1	20	0.9523809524	0.0476190476
2010	rosenkind	27	Gen3	21	15	6	0.2857142857	0.7142857143
2010	BertilB	43	Gen1	21	0	21	1	0
2010	sugarrush	40	Gen2	21	0	21	1	0
2010	emelielj	20	Gen4	21	5	16	0.7619047619	0.2380952381
2010	Rundabullar	30	Gen3	21	14	7	0.3333333333	0.6666666667
2010	MissLillan	49	Gen1	21	5	16	0.7619047619	0.2380952381
2010	anyXX	27	Gen3	21	1	20	0.9523809524	0.0476190476
2010	Rocktroll	25	Gen3	21	0	21	1	0
2010	EricaN81	28	Gen3	21	4	17	0.8095238095	0.1904761905
2010	hallåja	28	Gen3	21	8	13	0.619047619	0.380952381
2010	Cybele	40	Gen2	21	0	21	1	0
2010	Gonson	40	Gen2	21	1	20	0.9523809524	0.0476190476
2010	Majskorn	25	Gen3	21	12	9	0.4285714286	0.5714285714
2010	FreeForAll	26	Gen3	20	0	20	1	0
2010	EmmAhh	23	Gen3	20	3	17	0.85	0.15
2010	jinxy	28	Gen3	20	13	7	0.35	0.65
2010	Gullebulle25	25	Gen3	20	6	14	0.7	0.3
2010	Yarrow	26	Gen3	20	0	20	1	0
2010	Örnie	47	Gen1	20	0	20	1	0
2010	Lillgull	45	Gen1	20	0	20	1	0
2010	Adut 27	25	Gen3	20	10	10	0.5	0.5
2010	Fridalusen	29	Gen3	20	0	20	1	0
2010	Legewiel	25	Gen3	20	1	19	0.95	0.05
2010	Vildblomman	25	Gen3	20	4	16	0.8	0.2
2010	Vapor	27	Gen3	20	0	20	1	0
2010	Llimen	23	Gen3	20	0	20	1	0
2010	princess edition	26	Gen3	20	6	14	0.7	0.3
2010	droppen25	40	Gen2	20	0	20	1	0
2010	donator	40	Gen2	20	0	20	1	0
2010	Lilla mamman	40	Gen2	20	2	18	0.9	0.1
2010	daddybear	33	Gen2	19	6	13	0.6842105263	0.3157894737
2010	En skrutt	29	Gen3	19	0	19	1	0
2010	Sessan100	29	Gen3	19	0	19	1	0
2010	saltflingan	20	Gen4	19	1	18	0.9473684211	0.0526315789
2010	Mammatill2tjejer	40	Gen2	19	0	19	1	0
2010	Milleman	21	Gen3	19	2	17	0.8947368421	0.1052631579
2010	Jakin	40	Gen2	19	2	17	0.8947368421	0.1052631579
2010	Trötter	40	Gen2	19	6	13	0.6842105263	0.3157894737
2010	Snooz	32	Gen2	19	1	18	0.9473684211	0.0526315789
2010	BabyJia	25	Gen3	19	17	2	0.1052631579	0.8947368421
2010	mammaannika	23	Gen3	19	1	18	0.9473684211	0.0526315789
2010	mariaheterjag	28	Gen3	19	5	14	0.7368421053	0.2631578947
2010	TheLove	40	Gen2	19	0	19	1	0
2010	de Robespierre	47	Gen1	19	0	19	1	0
2010	LaFontaine	25	Gen3	19	8	11	0.5789473684	0.4210526316
2010	Shemira	18	Gen4	18	1	17	0.9444444444	0.0555555556
2010	Aprilbarn1	21	Gen3	18	2	16	0.8888888889	0.1111111111
2010	Kina79	30	Gen3	18	10	8	0.4444444444	0.5555555556
2010	Desiree1988	21	Gen3	18	0	18	1	0
2010	lilla snöflingan	22	Gen3	18	0	18	1	0
2010	MrsHW	23	Gen3	18	2	16	0.8888888889	0.1111111111
2010	Drömmer	43	Gen1	18	1	17	0.9444444444	0.0555555556
2010	högbergarna	31	Gen2	18	1	17	0.9444444444	0.0555555556
2010	aurora1827	32	Gen2	18	2	16	0.8888888889	0.1111111111
2010	Thezz88	21	Gen3	18	2	16	0.8888888889	0.1111111111
2010	sorgsen	19	Gen4	18	3	15	0.8333333333	0.1666666667
2010	Smulu	31	Gen2	17	2	15	0.8823529412	0.1176470588
2010	spirituality	28	Gen3	17	3	14	0.8235294118	0.1764705882
2010	Thuleslapper	36	Gen2	17	0	17	1	0
2010	Hope03	25	Gen3	17	12	5	0.2941176471	0.7058823529
2010	Jordgubbarmeglass	23	Gen3	17	0	17	1	0
2010	Zezana	30	Gen3	17	0	17	1	0
2010	EmmaMag	26	Gen3	17	0	17	1	0
2010	så mycket bättre	23	Gen3	17	9	8	0.4705882353	0.5294117647
2010	HelenFr	28	Gen3	17	0	17	1	0
2010	smulanjag	25	Gen3	17	6	11	0.6470588235	0.3529411765
2010	phillipha	21	Gen3	17	0	17	1	0
2010	Jennypenny83	26	Gen3	17	0	17	1	0
2010	Saga 79	30	Gen3	17	5	12	0.7058823529	0.2941176471
2010	Maac	26	Gen3	17	1	16	0.9411764706	0.0588235294
2010	twain	40	Gen2	17	0	17	1	0
2010	upyours	29	Gen3	17	4	13	0.7647058824	0.2352941176
2010	LillaNovaK	28	Gen3	16	1	15	0.9375	0.0625
2010	Tigerhonan	19	Gen4	16	0	16	1	0
2010	malin84johansson	25	Gen3	16	0	16	1	0
2010	majlinsa	22	Gen3	16	0	16	1	0
2010	ForReal	26	Gen3	16	7	9	0.5625	0.4375
2010	Alfonsina	32	Gen2	16	0	16	1	0
2010	MammaSwahn	20	Gen4	16	0	16	1	0
2010	Hickupp	49	Gen1	16	1	15	0.9375	0.0625
2010	lindalej	40	Gen2	16	0	16	1	0
2010	Gothica	35	Gen2	16	7	9	0.5625	0.4375
2010	Snabeldrake	18	Gen4	16	0	16	1	0
2010	solemio	28	Gen3	16	16	0	0	1
2010	liams mamma07	29	Gen3	16	0	16	1	0
2010	Hallonbåten	40	Gen2	16	4	12	0.75	0.25
2010	Cacto	40	Gen2	16	0	16	1	0
2010	Lia och bäbisen	27	Gen3	16	9	7	0.4375	0.5625
2010	Atamon	38	Gen2	16	0	16	1	0
2010	Annanym	40	Gen2	16	9	7	0.4375	0.5625
2010	Opo	40	Gen2	16	10	6	0.375	0.625
2010	blueberry4	27	Gen3	16	5	11	0.6875	0.3125
2010	kärleken	40	Gen2	16	1	15	0.9375	0.0625
2010	carola78	31	Gen2	15	6	9	0.6	0.4
2010	3barnsmor	40	Gen2	15	3	12	0.8	0.2
2010	Tettan	40	Gen2	15	0	15	1	0
2010	Pyl	30	Gen3	15	3	12	0.8	0.2
2010	Maria1	26	Gen3	15	1	14	0.9333333333	0.0666666667
2010	Cloudy	39	Gen2	15	0	15	1	0
2010	Autumnbeauty	34	Gen2	15	0	15	1	0
2010	mariamitsu	32	Gen2	15	0	15	1	0
2010	Annamaja	29	Gen3	15	0	15	1	0
2010	Karroägget	26	Gen3	15	6	9	0.6	0.4
2010	Snooze	29	Gen3	15	2	13	0.8666666667	0.1333333333
2010	Mika86	23	Gen3	15	15	0	0	1
2010	Ico	25	Gen3	15	0	15	1	0
2010	norrlandsflicka	30	Gen3	15	6	9	0.6	0.4
2010	Labolinas	40	Gen2	15	0	15	1	0
2010	trasis	27	Gen3	15	3	12	0.8	0.2
2010	Zesssan	24	Gen3	15	2	13	0.8666666667	0.1333333333
2010	Lisa1977	32	Gen2	14	6	8	0.5714285714	0.4285714286
2010	CtJ08	25	Gen3	14	7	7	0.5	0.5
2010	kickan89	40	Gen2	14	0	14	1	0
2010	Lallamen	39	Gen2	14	0	14	1	0
2010	hemligt gravid	28	Gen3	14	0	14	1	0
2010	Emma Elisabeth	19	Gen4	14	2	12	0.8571428571	0.1428571429
2010	Mammisen	31	Gen2	14	4	10	0.7142857143	0.2857142857
2010	Waite	22	Gen3	14	0	14	1	0
2010	Labbematte	35	Gen2	14	1	13	0.9285714286	0.0714285714
2010	Leenda	22	Gen3	14	0	14	1	0
2010	qwertyui	40	Gen2	14	0	14	1	0
2010	Johannapanna87	22	Gen3	14	0	14	1	0
2010	Empan81	28	Gen3	14	13	1	0.0714285714	0.9285714286
2010	Blablabla	40	Gen2	14	0	14	1	0
2010	hejsvej	27	Gen3	14	2	12	0.8571428571	0.1428571429
2010	Erika Ö	21	Gen3	14	8	6	0.4285714286	0.5714285714
2010	How about cupcakes	34	Gen2	14	12	2	0.1428571429	0.8571428571
2010	Sofia8504	24	Gen3	14	8	6	0.4285714286	0.5714285714
2010	svampbobfyrkant	40	Gen2	14	0	14	1	0
2010	guldplutt	39	Gen2	13	1	12	0.9230769231	0.0769230769
2010	gosmamman	27	Gen3	13	4	9	0.6923076923	0.3076923077
2010	Liten måne	26	Gen3	13	0	13	1	0
2010	hymafr	45	Gen1	13	0	13	1	0
2010	Tottelina	25	Gen3	13	10	3	0.2307692308	0.7692307692
2010	Hayati	19	Gen4	13	0	13	1	0
2010	emmianttila	20	Gen4	13	0	13	1	0
2010	Agent 355	35	Gen2	13	4	9	0.6923076923	0.3076923077
2010	Mornie Alantie	23	Gen3	13	0	13	1	0
2010	enAnnan	40	Gen2	13	0	13	1	0
2010	jagärglad	21	Gen3	13	6	7	0.5384615385	0.4615384615
2010	Panthera leo	34	Gen2	13	0	13	1	0
2010	RosaPrinsessa	22	Gen3	13	0	13	1	0
2010	Eldsjäl	22	Gen3	13	0	13	1	0
2010	Jonna79	30	Gen3	13	5	8	0.6153846154	0.3846153846
2010	OoblueeyeezOo	40	Gen2	13	12	1	0.0769230769	0.9230769231
2010	Nimbus	40	Gen2	13	0	13	1	0
2010	Novalie	33	Gen2	13	0	13	1	0
2010	Myra	37	Gen2	13	0	13	1	0
2010	Second adventure	25	Gen3	13	1	12	0.9230769231	0.0769230769
2010	Pochahontas	36	Gen2	12	10	2	0.1666666667	0.8333333333
2010	Erki	29	Gen3	12	0	12	1	0
2010	MissKS	28	Gen3	12	0	12	1	0
2010	ninina	25	Gen3	12	1	11	0.9166666667	0.0833333333
2010	Nevea	25	Gen3	12	0	12	1	0
2010	Mysmonstret	29	Gen3	12	6	6	0.5	0.5
2010	Madelene0	24	Gen3	12	9	3	0.25	0.75
2010	mimbo	33	Gen2	12	1	11	0.9166666667	0.0833333333
2010	karin 2	40	Gen2	12	0	12	1	0
2010	Tjoflöjt	28	Gen3	12	3	9	0.75	0.25
2010	camas	26	Gen3	12	7	5	0.4166666667	0.5833333333
2010	jessican	31	Gen2	12	0	12	1	0
2010	enannan	40	Gen2	12	1	11	0.9166666667	0.0833333333
2010	Nostalgitripp	20	Gen4	12	0	12	1	0
2010	sockerbomben	37	Gen2	12	0	12	1	0
2010	carrobarro84	25	Gen3	12	4	8	0.6666666667	0.3333333333
2010	ja88	21	Gen3	12	0	12	1	0
2010	elinville	29	Gen3	12	1	11	0.9166666667	0.0833333333
2010	Susyloo	29	Gen3	12	7	5	0.4166666667	0.5833333333
2010	Pluppi	40	Gen2	12	2	10	0.8333333333	0.1666666667
2010	737 dagar	24	Gen3	12	6	6	0.5	0.5
2010	CA81	28	Gen3	12	0	12	1	0
2010	Superhero	27	Gen3	12	7	5	0.4166666667	0.5833333333
2010	Majsan72	37	Gen2	12	2	10	0.8333333333	0.1666666667
2010	tebax	40	Gen2	11	0	11	1	0
2010	Kaos	40	Gen2	11	0	11	1	0
2010	Koji	24	Gen3	11	0	11	1	0
2010	Dannie	40	Gen2	11	0	11	1	0
2010	Fridapida	28	Gen3	11	0	11	1	0
2010	Micalela	23	Gen3	11	1	10	0.9090909091	0.0909090909
2010	AlexandraH	21	Gen3	11	0	11	1	0
2010	sallybuse	50	Gen1	11	1	10	0.9090909091	0.0909090909
2010	Nordie	29	Gen3	11	0	11	1	0
2010	Thesso	19	Gen4	11	5	6	0.5454545455	0.4545454545
2010	Skogshuggaren	40	Gen2	11	0	11	1	0
2010	madde1983	26	Gen3	11	0	11	1	0
2010	Peecock	26	Gen3	11	0	11	1	0
2010	Anna J01	23	Gen3	11	5	6	0.5454545455	0.4545454545
2010	Nessima	21	Gen3	11	0	11	1	0
2010	Lindadjo	32	Gen2	11	1	10	0.9090909091	0.0909090909
2010	Tvåbarnsmamman81	28	Gen3	11	1	10	0.9090909091	0.0909090909
2010	Lunamamma	39	Gen2	11	0	11	1	0
2010	gson	34	Gen2	11	8	3	0.2727272727	0.7272727273
2010	Mullepop	21	Gen3	11	2	9	0.8181818182	0.1818181818
2010	gosis	27	Gen3	11	0	11	1	0
2010	Olivia2006	32	Gen2	11	4	7	0.6363636364	0.3636363636
2010	aaaa	40	Gen2	11	8	3	0.2727272727	0.7272727273
2010	Avena	30	Gen3	11	1	10	0.9090909091	0.0909090909
2010	msmalin	28	Gen3	11	2	9	0.8181818182	0.1818181818
2010	Håkan Johansson	22	Gen3	11	0	11	1	0
2010	väduren74	35	Gen2	11	2	9	0.8181818182	0.1818181818
2010	benedikten	29	Gen3	11	0	11	1	0
2010	FiaFia	40	Gen2	11	0	11	1	0
2010	hanna elise	30	Gen3	11	4	7	0.6363636364	0.3636363636
2010	multivitaminjuice	21	Gen3	11	0	11	1	0
2010	flashieangel	28	Gen3	11	7	4	0.3636363636	0.6363636364
2010	Norrtjejjen	27	Gen3	11	6	5	0.4545454545	0.5454545455
2010	Freia	40	Gen2	10	1	9	0.9	0.1
2010	helenen	38	Gen2	10	0	10	1	0
2010	tempest1	36	Gen2	10	1	9	0.9	0.1
2010	MinNatalie	23	Gen3	10	0	10	1	0
2010	LillaStenen	41	Gen1	10	0	10	1	0
2010	LA Woman	35	Gen2	10	3	7	0.7	0.3
2010	Floff	27	Gen3	10	1	9	0.9	0.1
2010	latina02	21	Gen3	10	9	1	0.1	0.9
2010	Tröttimössan	29	Gen3	10	1	9	0.9	0.1
2010	MrsMumrik	30	Gen3	10	0	10	1	0
2010	Wednesday85	24	Gen3	10	0	10	1	0
2010	Dilong	47	Gen1	10	0	10	1	0
2010	Svardh	27	Gen3	10	0	10	1	0
2010	hemmafrun	40	Gen2	10	0	10	1	0
2010	Juppepuppe	30	Gen3	10	1	9	0.9	0.1
2010	Fleur	34	Gen2	10	0	10	1	0
2010	Dajo	24	Gen3	10	0	10	1	0
2010	kmp	39	Gen2	10	0	10	1	0
2010	melker03	40	Gen2	10	0	10	1	0
2010	marla333	23	Gen3	10	5	5	0.5	0.5
2010	Finlandssvenska	34	Gen2	10	3	7	0.7	0.3
2010	Lilla Morran	26	Gen3	10	3	7	0.7	0.3
2010	Amelica	26	Gen3	10	0	10	1	0
2010	Pusselbiten86	23	Gen3	10	0	10	1	0
2010	Nisen	40	Gen2	10	1	9	0.9	0.1
2010	Dolliver	30	Gen3	10	2	8	0.8	0.2
2010	VMS	18	Gen4	10	0	10	1	0
2010	crossfit	30	Gen3	10	0	10	1	0
2010	supermimmi	40	Gen2	10	9	1	0.1	0.9
2010	Lillatroll	36	Gen2	10	0	10	1	0
2010	glitterkornet	20	Gen4	10	0	10	1	0
2010	Therre	21	Gen3	10	2	8	0.8	0.2
2010	TheFamily	30	Gen3	10	6	4	0.4	0.6
2010	Marängen86	23	Gen3	10	1	9	0.9	0.1
2010	Cakemaker	22	Gen3	10	4	6	0.6	0.4
2010	annasara	30	Gen3	10	0	10	1	0
2010	rosen76	33	Gen2	10	2	8	0.8	0.2
2010	pygmalion	40	Gen2	10	0	10	1	0
2010	nonayti	27	Gen3	10	4	6	0.6	0.4
2010	challis777	32	Gen2	10	8	2	0.2	0.8
2010	Akilla	27	Gen3	10	4	6	0.6	0.4
2010	Hillbillie	46	Gen1	10	7	3	0.3	0.7
2010	hundpuss	22	Gen3	10	0	10	1	0
2010	Tomtefar	40	Gen2	10	0	10	1	0
2010	Ahdela	31	Gen2	9	0	9	1	0
2010	Sara K	24	Gen3	9	0	9	1	0
2010	lilja87	22	Gen3	9	0	9	1	0
2010	Utan Barn	42	Gen1	9	1	8	0.8888888889	0.1111111111
2010	Maline	37	Gen2	9	0	9	1	0
2010	jojojojojo	40	Gen2	9	0	9	1	0
2010	Bonzan	27	Gen3	9	3	6	0.6666666667	0.3333333333
2010	Jkpg Deluxe	25	Gen3	9	1	8	0.8888888889	0.1111111111
2010	MayaS	40	Gen2	9	0	9	1	0
2010	Caramella	30	Gen3	9	0	9	1	0
2010	Humlemamma	26	Gen3	9	6	3	0.3333333333	0.6666666667
2010	Heureka	35	Gen2	9	0	9	1	0
2010	Ellaria	20	Gen4	9	2	7	0.7777777778	0.2222222222
2010	Harling1985	24	Gen3	9	0	9	1	0
2010	VeraVera	23	Gen3	9	0	9	1	0
2010	friper	29	Gen3	9	6	3	0.3333333333	0.6666666667
2010	Maja09	31	Gen2	9	0	9	1	0
2010	AoO	40	Gen2	9	3	6	0.6666666667	0.3333333333
2010	Tida77	32	Gen2	9	1	8	0.8888888889	0.1111111111
2010	TessanE	32	Gen2	9	6	3	0.3333333333	0.6666666667
2010	Fraggelgirl	29	Gen3	9	0	9	1	0
2010	Bebbefabriken	31	Gen2	9	1	8	0.8888888889	0.1111111111
2010	P A K	37	Gen2	9	0	9	1	0
2010	mammiloo	36	Gen2	9	6	3	0.3333333333	0.6666666667
2010	FeliXia	40	Gen2	9	0	9	1	0
2010	jmynt	21	Gen3	9	5	4	0.4444444444	0.5555555556
2010	tillit71	38	Gen2	9	1	8	0.8888888889	0.1111111111
2010	zuzzan	26	Gen3	9	4	5	0.5555555556	0.4444444444
2010	Gyllan	25	Gen3	9	1	8	0.8888888889	0.1111111111
2010	enola	32	Gen2	9	3	6	0.6666666667	0.3333333333
2010	1Barn	40	Gen2	9	3	6	0.6666666667	0.3333333333
2010	Plommonben	27	Gen3	9	0	9	1	0
2010	morotsland	29	Gen3	9	2	7	0.7777777778	0.2222222222
2010	Mandarin	40	Gen2	9	0	9	1	0
2010	BängtRagnhild	23	Gen3	9	0	9	1	0
2010	Caroliine	20	Gen4	9	0	9	1	0
2010	nittioett	18	Gen4	9	2	7	0.7777777778	0.2222222222
2010	mysmamma84	25	Gen3	9	6	3	0.3333333333	0.6666666667
2010	Ida1990	19	Gen4	9	3	6	0.6666666667	0.3333333333
2010	Jasmine86	23	Gen3	9	4	5	0.5555555556	0.4444444444
2010	Smillasmatte	33	Gen2	9	6	3	0.3333333333	0.6666666667
2010	Velour	40	Gen2	9	2	7	0.7777777778	0.2222222222
2010	MiniMaria	40	Gen2	9	2	7	0.7777777778	0.2222222222
2010	lotfix	25	Gen3	9	0	9	1	0
2010	PetraMunchen	38	Gen2	9	0	9	1	0
2010	Krollspell	41	Gen1	9	3	6	0.6666666667	0.3333333333
2010	popcornplaya	24	Gen3	9	4	5	0.5555555556	0.4444444444
2010	Passionsblomma	26	Gen3	9	0	9	1	0
2010	underverket 06	39	Gen2	9	0	9	1	0
2010	malin1974	40	Gen2	9	2	7	0.7777777778	0.2222222222
2010	Adoniram	32	Gen2	9	0	9	1	0
2010	Lellebror	35	Gen2	9	0	9	1	0
2010	Tuss 1	36	Gen2	9	0	9	1	0
2010	tinee	40	Gen2	9	4	5	0.5555555556	0.4444444444
2010	NilleMilleTjejen	35	Gen2	9	5	4	0.4444444444	0.5555555556
2010	Godot	35	Gen2	9	0	9	1	0
2010	Marre80	29	Gen3	9	0	9	1	0
2010	Naima	18	Gen4	9	0	9	1	0
2010	Skruttis1979	31	Gen2	9	7	2	0.2222222222	0.7777777778
2010	CillowP	36	Gen2	8	3	5	0.625	0.375
2010	Karolina1982	27	Gen3	8	0	8	1	0
2010	sunshine86	40	Gen2	8	2	6	0.75	0.25
2010	Meline	40	Gen2	8	0	8	1	0
2010	LinaP	40	Gen2	8	3	5	0.625	0.375
2010	Uller	33	Gen2	8	0	8	1	0
2010	Solaris	40	Gen2	8	3	5	0.625	0.375
2010	Ett två tre	24	Gen3	8	8	0	0	1
2010	Disco	30	Gen3	8	7	1	0.125	0.875
2010	tessan27	32	Gen2	8	0	8	1	0
2010	miapia	32	Gen2	8	0	8	1	0
2010	MariaE	30	Gen3	8	7	1	0.125	0.875
2010	Fembarnsmorsan	38	Gen2	8	1	7	0.875	0.125
2010	ohmy	40	Gen2	8	0	8	1	0
2010	Sööderbönan	25	Gen3	8	3	5	0.625	0.375
2010	tuggummigirl	25	Gen3	8	1	7	0.875	0.125
2010	MrsAlonso	29	Gen3	8	6	2	0.25	0.75
2010	Snåjtis	27	Gen3	8	3	5	0.625	0.375
2010	Baypower	33	Gen2	8	0	8	1	0
2010	SandraD	23	Gen3	8	0	8	1	0
2010	Knorrisen	27	Gen3	8	0	8	1	0
2010	Draqnight	23	Gen3	8	1	7	0.875	0.125
2010	Tilcha	25	Gen3	8	7	1	0.125	0.875
2010	Nirak Gbg	27	Gen3	8	2	6	0.75	0.25
2010	Monica83	26	Gen3	8	3	5	0.625	0.375
2010	finnsinganamn	40	Gen2	8	1	7	0.875	0.125
2010	Bina86	23	Gen3	8	0	8	1	0
2010	nötskrikan	32	Gen2	8	5	3	0.375	0.625
2010	fröken	33	Gen2	8	1	7	0.875	0.125
2010	Forsen	40	Gen2	8	0	8	1	0
2010	MariaP	40	Gen2	8	0	8	1	0
2010	Lurpa	27	Gen3	8	3	5	0.625	0.375
2010	luspudel	21	Gen3	8	1	7	0.875	0.125
2010	Gullan från Arkadien	40	Gen2	8	0	8	1	0
2010	Wonderchild2009	20	Gen4	8	0	8	1	0
2010	Sylten	32	Gen2	8	5	3	0.375	0.625
2010	fantasia	35	Gen2	8	0	8	1	0
2010	Piff o Puff	40	Gen2	8	0	8	1	0
2010	5barnsmamman	31	Gen2	8	7	1	0.125	0.875
2010	Nalle har ett blått hus	33	Gen2	8	0	8	1	0
2010	strawberrypie	25	Gen3	8	2	6	0.75	0.25
2010	isolande	30	Gen3	8	3	5	0.625	0.375
2010	Dr Myo	36	Gen2	8	0	8	1	0
2010	Unex	40	Gen2	8	0	8	1	0
2010	missworld	20	Gen4	8	0	8	1	0
2010	Idchen	29	Gen3	8	0	8	1	0
2010	Paulas mamma	24	Gen3	7	0	7	1	0
2010	basil	33	Gen2	7	0	7	1	0
2010	Equal	31	Gen2	7	0	7	1	0
2010	mazquE	20	Gen4	7	0	7	1	0
2010	Nennie	40	Gen2	7	1	6	0.8571428571	0.1428571429
2010	vimsan06	23	Gen3	7	5	2	0.2857142857	0.7142857143
2010	annanmamma	40	Gen2	7	0	7	1	0
2010	amila	40	Gen2	7	2	5	0.7142857143	0.2857142857
2010	TezzyBump	21	Gen3	7	0	7	1	0
2010	FrökenLarsson	21	Gen3	7	0	7	1	0
2010	cocos87	22	Gen3	7	2	5	0.7142857143	0.2857142857
2010	Daggdroppen	22	Gen3	7	0	7	1	0
2010	Toffslan	40	Gen2	7	0	7	1	0
2010	Smetanina	33	Gen2	7	0	7	1	0
2010	pojkens	35	Gen2	7	0	7	1	0
2010	FridaochSamuel	19	Gen4	7	0	7	1	0
2010	Adnil76	33	Gen2	7	3	4	0.5714285714	0.4285714286
2010	Urtica	29	Gen3	7	0	7	1	0
2010	UmeåElin	28	Gen3	7	0	7	1	0
2010	Liba	33	Gen2	7	0	7	1	0
2010	juzze	26	Gen3	7	0	7	1	0
2010	Malllis	25	Gen3	7	0	7	1	0
2010	Tigra79	30	Gen3	7	0	7	1	0
2010	C0211	30	Gen3	7	0	7	1	0
2010	BeccaStina	23	Gen3	7	0	7	1	0
2010	Dilan	40	Gen2	7	1	6	0.8571428571	0.1428571429
2010	Eileen1	35	Gen2	7	5	2	0.2857142857	0.7142857143
2010	bebis090614	22	Gen3	7	0	7	1	0
2010	isblomma	36	Gen2	7	2	5	0.7142857143	0.2857142857
2010	SofiFrid	25	Gen3	7	1	6	0.8571428571	0.1428571429
2010	En glad tjej	31	Gen2	7	1	6	0.8571428571	0.1428571429
2010	Irit	22	Gen3	7	2	5	0.7142857143	0.2857142857
2010	LHUF	30	Gen3	7	1	6	0.8571428571	0.1428571429
2010	olympia71	38	Gen2	7	1	6	0.8571428571	0.1428571429
2010	LinaTed	23	Gen3	7	7	0	0	1
2010	M82	27	Gen3	7	0	7	1	0
2010	PHofie	23	Gen3	7	2	5	0.7142857143	0.2857142857
2010	Anna i Hult	39	Gen2	7	0	7	1	0
2010	ajkw	20	Gen4	7	1	6	0.8571428571	0.1428571429
2010	KinkyE	19	Gen4	7	0	7	1	0
2010	trollprinsessan	32	Gen2	7	1	6	0.8571428571	0.1428571429
2010	Lilla Lycka	28	Gen3	7	2	5	0.7142857143	0.2857142857
2010	anja1661	27	Gen3	7	0	7	1	0
2010	sabinaa	26	Gen3	7	0	7	1	0
2010	Bess	40	Gen2	7	6	1	0.1428571429	0.8571428571
2010	Jollan06	25	Gen3	7	4	3	0.4285714286	0.5714285714
2010	smulan1981	28	Gen3	7	4	3	0.4285714286	0.5714285714
2010	asplundskan	22	Gen3	7	3	4	0.5714285714	0.4285714286
2010	Sedek	33	Gen2	7	0	7	1	0
2010	mammiz83	26	Gen3	7	1	6	0.8571428571	0.1428571429
2010	matuldan	22	Gen3	7	5	2	0.2857142857	0.7142857143
2010	LadyBond	35	Gen2	7	1	6	0.8571428571	0.1428571429
2010	castillo	22	Gen3	7	0	7	1	0
2010	Calici	29	Gen3	7	6	1	0.1428571429	0.8571428571
2010	supermamman2	31	Gen2	6	2	4	0.6666666667	0.3333333333
2010	Johjo	25	Gen3	6	0	6	1	0
2010	Maarit	40	Gen2	6	0	6	1	0
2010	tideloo	27	Gen3	6	0	6	1	0
2010	Mamma till gullungen	32	Gen2	6	0	6	1	0
2010	myzz	29	Gen3	6	2	4	0.6666666667	0.3333333333
2010	sjl89	20	Gen4	6	0	6	1	0
2010	takida	30	Gen3	6	3	3	0.5	0.5
2010	AmandaBrun	25	Gen3	6	0	6	1	0
2010	Softyy	29	Gen3	6	5	1	0.1666666667	0.8333333333
2010	tempo21	36	Gen2	6	2	4	0.6666666667	0.3333333333
2010	Grynet2010	29	Gen3	6	3	3	0.5	0.5
2010	MTA	40	Gen2	6	0	6	1	0
2010	BTD	34	Gen2	6	0	6	1	0
2010	bellanbus	40	Gen2	6	0	6	1	0
2010	mithrandil	27	Gen3	6	0	6	1	0
2010	Ängaboll	32	Gen2	6	0	6	1	0
2010	TigerLinn	24	Gen3	6	1	5	0.8333333333	0.1666666667
2010	MeMayo	37	Gen2	6	2	4	0.6666666667	0.3333333333
2010	Engelvinge	32	Gen2	6	0	6	1	0
2010	MissAdelaide	32	Gen2	6	0	6	1	0
2010	Ema86	23	Gen3	6	5	1	0.1666666667	0.8333333333
2010	kexkille	34	Gen2	6	2	4	0.6666666667	0.3333333333
2010	mamma smurfen	36	Gen2	6	0	6	1	0
2010	TheOnlyOne	31	Gen2	6	0	6	1	0
2010	Gladabarnensmamma	27	Gen3	6	0	6	1	0
2010	modesty74	35	Gen2	6	0	6	1	0
2010	MrSmith	25	Gen3	6	0	6	1	0
2010	Malva85	24	Gen3	6	2	4	0.6666666667	0.3333333333
2010	Tårtsmulan	35	Gen2	6	0	6	1	0
2010	Mjesec	20	Gen4	6	0	6	1	0
2010	gedansk	32	Gen2	6	0	6	1	0
2010	StaffenAssar	27	Gen3	6	0	6	1	0
2010	EmelieL	19	Gen4	6	0	6	1	0
2010	Tindragull	33	Gen2	6	6	0	0	1
2010	Perlan08	33	Gen2	6	0	6	1	0
2010	BELLAm2	28	Gen3	6	3	3	0.5	0.5
2010	Fresa78	31	Gen2	6	2	4	0.6666666667	0.3333333333
2010	Lillis 1977	32	Gen2	6	0	6	1	0
2010	Elisie	25	Gen3	6	2	4	0.6666666667	0.3333333333
2010	kjellis	40	Gen2	6	1	5	0.8333333333	0.1666666667
2010	Ida90	19	Gen4	6	0	6	1	0
2010	Rusina	26	Gen3	6	3	3	0.5	0.5
2010	raya	21	Gen3	6	3	3	0.5	0.5
2010	NoWiMom	23	Gen3	6	0	6	1	0
2010	Jess87	22	Gen3	6	0	6	1	0
2010	AW76	33	Gen2	6	2	4	0.6666666667	0.3333333333
2010	caaroooline	18	Gen4	6	0	6	1	0
2010	dannya	23	Gen3	6	0	6	1	0
2010	TheStar	33	Gen2	6	0	6	1	0
2010	stenstorp	40	Gen2	6	0	6	1	0
2010	bambigirl	28	Gen3	6	2	4	0.6666666667	0.3333333333
2010	alice mamma	40	Gen2	6	0	6	1	0
2010	musli	38	Gen2	6	4	2	0.3333333333	0.6666666667
2010	Jamieolivia	27	Gen3	6	3	3	0.5	0.5
2010	AaronElina	27	Gen3	6	4	2	0.3333333333	0.6666666667
2010	Väntarochlängtar	39	Gen2	6	0	6	1	0
2010	Jesslan	40	Gen2	6	4	2	0.3333333333	0.6666666667
2010	vixi82	27	Gen3	6	3	3	0.5	0.5
2010	PeMa	27	Gen3	6	4	2	0.3333333333	0.6666666667
2010	Lilla H	31	Gen2	6	2	4	0.6666666667	0.3333333333
2010	Madicken 71	38	Gen2	6	2	4	0.6666666667	0.3333333333
2010	carola 79	30	Gen3	6	6	0	0	1
2010	Helle68	41	Gen1	6	0	6	1	0
2010	pco	23	Gen3	6	0	6	1	0
2010	MyStyle	27	Gen3	6	0	6	1	0
2010	Angel73	40	Gen2	6	1	5	0.8333333333	0.1666666667
2010	Adora1	30	Gen3	6	1	5	0.8333333333	0.1666666667
2010	Gubbas	34	Gen2	6	0	6	1	0
2010	Uhngoliant	26	Gen3	6	0	6	1	0
2010	Tina B	40	Gen2	6	0	6	1	0
2010	Chula	40	Gen2	6	2	4	0.6666666667	0.3333333333
2010	Tobbelina	30	Gen3	6	2	4	0.6666666667	0.3333333333
2010	tooba	26	Gen3	6	0	6	1	0
2010	annthos	29	Gen3	6	0	6	1	0
2010	Solrosen82	27	Gen3	6	5	1	0.1666666667	0.8333333333
2010	Grodan1972	37	Gen2	6	0	6	1	0
2010	tjejmamma79	30	Gen3	6	3	3	0.5	0.5
2010	Slaria	22	Gen3	6	0	6	1	0
2010	Saian	31	Gen2	6	0	6	1	0
2010	acilegna	42	Gen1	5	4	1	0.2	0.8
2010	Geshia	29	Gen3	5	0	5	1	0
2010	alwilda	30	Gen3	5	0	5	1	0
2010	Happyness	46	Gen1	5	0	5	1	0
2010	Plärtan	20	Gen4	5	0	5	1	0
2010	Riley	25	Gen3	5	1	4	0.8	0.2
2010	IsaCMoJs	27	Gen3	5	0	5	1	0
2010	nami	29	Gen3	5	1	4	0.8	0.2
2010	Numminen	34	Gen2	5	0	5	1	0
2010	MammaIna88	21	Gen3	5	2	3	0.6	0.4
2010	MrsElvisPresley	19	Gen4	5	2	3	0.6	0.4
2010	Friiidaa	24	Gen3	5	2	3	0.6	0.4
2010	Git	32	Gen2	5	1	4	0.8	0.2
2010	Mara	36	Gen2	5	0	5	1	0
2010	Lina86	23	Gen3	5	0	5	1	0
2010	KevinsMamma83	26	Gen3	5	2	3	0.6	0.4
2010	Makaron	24	Gen3	5	0	5	1	0
2010	dianmant76	33	Gen2	5	2	3	0.6	0.4
2010	Jandy	28	Gen3	5	0	5	1	0
2010	HelenaMaria	40	Gen2	5	0	5	1	0
2010	kornberoende	19	Gen4	5	3	2	0.4	0.6
2010	Elijza	39	Gen2	5	2	3	0.6	0.4
2010	antitanten	55	Gen1	5	2	3	0.6	0.4
2010	sockerslav	30	Gen3	5	3	2	0.4	0.6
2010	Misery	40	Gen2	5	0	5	1	0
2010	Katta86	40	Gen2	5	0	5	1	0
2010	goatess82	27	Gen3	5	0	5	1	0
2010	Knallen12	35	Gen2	5	0	5	1	0
2010	Nilla83	26	Gen3	5	3	2	0.4	0.6
2010	Beckah82	27	Gen3	5	0	5	1	0
2010	skrullan	40	Gen2	5	0	5	1	0
2010	FrökenR	21	Gen3	5	0	5	1	0
2010	forvantningar	40	Gen2	5	0	5	1	0
2010	Strommingen	23	Gen3	5	0	5	1	0
2010	Jaja88	21	Gen3	5	2	3	0.6	0.4
2010	Hanna01	22	Gen3	5	0	5	1	0
2010	Joje	35	Gen2	5	0	5	1	0
2010	Mammatillnoah	20	Gen4	5	1	4	0.8	0.2
2010	Mor till Ella	26	Gen3	5	0	5	1	0
2010	Krafs	29	Gen3	5	0	5	1	0
2010	LBA	24	Gen3	5	0	5	1	0
2010	Nagoyam W	26	Gen3	5	0	5	1	0
2010	Izzo	34	Gen2	5	1	4	0.8	0.2
2010	Heini	27	Gen3	5	0	5	1	0
2010	Camilita	22	Gen3	5	0	5	1	0
2010	tilj75	34	Gen2	5	2	3	0.6	0.4
2010	IaOnDaFluff	40	Gen2	5	0	5	1	0
2010	MammaFia	40	Gen2	5	0	5	1	0
2010	Mildred	23	Gen3	5	0	5	1	0
2010	sleeping angel	26	Gen3	5	1	4	0.8	0.2
2010	Mysanochmimer	24	Gen3	5	5	0	0	1
2010	ALLIEVERDO	23	Gen3	5	3	2	0.4	0.6
2010	Tola	40	Gen2	5	0	5	1	0
2010	Mania x2	32	Gen2	5	3	2	0.4	0.6
2010	Maysan	40	Gen2	5	0	5	1	0
2010	pindile	26	Gen3	5	1	4	0.8	0.2
2010	Nissa	35	Gen2	5	1	4	0.8	0.2
2010	Dakine	22	Gen3	5	0	5	1	0
2010	Sparvöga	30	Gen3	5	2	3	0.6	0.4
2010	UngFru	22	Gen3	5	1	4	0.8	0.2
2010	Eleonor86	23	Gen3	5	0	5	1	0
2010	Chaktio	33	Gen2	5	0	5	1	0
2010	Laguna	37	Gen2	5	2	3	0.6	0.4
2010	Videunge	28	Gen3	5	0	5	1	0
2010	Jenkan82	40	Gen2	5	0	5	1	0
2010	icecreamlover	30	Gen3	5	0	5	1	0
2010	broglo	31	Gen2	5	0	5	1	0
2010	luutra	24	Gen3	5	0	5	1	0
2010	Yamma	37	Gen2	5	0	5	1	0
2010	nathana1	34	Gen2	5	0	5	1	0
2010	modestyclara	31	Gen2	5	0	5	1	0
2010	esther	44	Gen1	5	0	5	1	0
2010	Skrutten00	32	Gen2	5	1	4	0.8	0.2
2010	frau M	26	Gen3	5	0	5	1	0
2010	lokisse	49	Gen1	5	2	3	0.6	0.4
2010	Farth Vader	36	Gen2	5	0	5	1	0
2010	Bettyboopan1984	25	Gen3	5	1	4	0.8	0.2
2010	Jola	33	Gen2	5	0	5	1	0
2010	rallarrosen	40	Gen2	5	4	1	0.2	0.8
2010	MattiasFru	20	Gen4	5	0	5	1	0
2010	Herr Lindström	29	Gen3	5	2	3	0.6	0.4
2010	Nattviolen	40	Gen2	5	0	5	1	0
2010	hellokitty	30	Gen3	5	1	4	0.8	0.2
2010	Tr0ust	19	Gen4	5	0	5	1	0
2010	123ost	40	Gen2	5	0	5	1	0
2010	ava adore	27	Gen3	5	0	5	1	0
2010	Albasmamma	27	Gen3	5	1	4	0.8	0.2
2010	flower79	30	Gen3	5	1	4	0.8	0.2
2010	candi	38	Gen2	5	2	3	0.6	0.4
2010	Röllekan	32	Gen2	5	0	5	1	0
2010	XLinneaX	22	Gen3	5	0	5	1	0
2010	Rosielou	28	Gen3	5	0	5	1	0
2010	EmilieG	21	Gen3	5	0	5	1	0
2010	allt och lite till	22	Gen3	5	1	4	0.8	0.2
2010	monchichi76	33	Gen2	5	5	0	0	1
2010	Herkules	32	Gen2	5	0	5	1	0
2010	giftgrodan	30	Gen3	5	3	2	0.4	0.6
2010	MollyMilly	31	Gen2	5	5	0	0	1
2010	Fru X	40	Gen2	5	3	2	0.4	0.6
2010	Dagsländan	32	Gen2	5	0	5	1	0
2010	MiraJ	27	Gen3	5	0	5	1	0
2010	Scorpio	24	Gen3	5	3	2	0.4	0.6
2010	AndyP	30	Gen3	5	0	5	1	0
2010	klurifax	40	Gen2	5	0	5	1	0
2010	Nilsfar	45	Gen1	4	0	4	1	0
2010	gelehallon	40	Gen2	4	0	4	1	0
2010	Angie72	40	Gen2	4	0	4	1	0
2010	fjollan	21	Gen3	4	0	4	1	0
2010	beEMbe	31	Gen2	4	0	4	1	0
2010	Lillii	23	Gen3	4	0	4	1	0
2010	Trikarn	40	Gen2	4	0	4	1	0
2010	livhog	21	Gen3	4	1	3	0.75	0.25
2010	Mar ia	29	Gen3	4	0	4	1	0
2010	Jessspaaa	21	Gen3	4	0	4	1	0
2010	Miss Julie	21	Gen3	4	2	2	0.5	0.5
2010	MangaGirl	32	Gen2	4	0	4	1	0
2010	EJT	20	Gen4	4	0	4	1	0
2010	Tant Herta	45	Gen1	4	0	4	1	0
2010	Hoppetossan	40	Gen2	4	3	1	0.25	0.75
2010	mama86	40	Gen2	4	2	2	0.5	0.5
2010	Annie1982	27	Gen3	4	0	4	1	0
2010	principessan	24	Gen3	4	3	1	0.25	0.75
2010	Sassa A	27	Gen3	4	0	4	1	0
2010	LindaMamman	35	Gen2	4	0	4	1	0
2010	sebbeman	30	Gen3	4	0	4	1	0
2010	Minisen	34	Gen2	4	0	4	1	0
2010	REXX	40	Gen2	4	0	4	1	0
2010	Nickos	22	Gen3	4	0	4	1	0
2010	Musetti	28	Gen3	4	0	4	1	0
2010	mirrebusan	25	Gen3	4	3	1	0.25	0.75
2010	HEARM	27	Gen3	4	3	1	0.25	0.75
2010	Jossi82	27	Gen3	4	0	4	1	0
2010	Bubbles	34	Gen2	4	0	4	1	0
2010	Rondo	40	Gen2	4	4	0	0	1
2010	Bejje	28	Gen3	4	0	4	1	0
2010	nicke nyfiken76	29	Gen3	4	1	3	0.75	0.25
2010	minismurfen	27	Gen3	4	3	1	0.25	0.75
2010	GashH	23	Gen3	4	0	4	1	0
2010	Jelin	27	Gen3	4	3	1	0.25	0.75
2010	Little me	40	Gen2	4	0	4	1	0
2010	staaaaar	22	Gen3	4	0	4	1	0
2010	Lina Nk	20	Gen4	4	3	1	0.25	0.75
2010	mörlin	23	Gen3	4	0	4	1	0
2010	MollyBuz	26	Gen3	4	0	4	1	0
2010	gottelina	36	Gen2	4	1	3	0.75	0.25
2010	Dunderklumpen	21	Gen3	4	0	4	1	0
2010	Scaniamamma	23	Gen3	4	0	4	1	0
2010	TigerLily	36	Gen2	4	1	3	0.75	0.25
2010	smillis06	27	Gen3	4	0	4	1	0
2010	jagkan	32	Gen2	4	2	2	0.5	0.5
2010	J Anttila	30	Gen3	4	0	4	1	0
2010	Evilhoney	26	Gen3	4	0	4	1	0
2010	mama90j	19	Gen4	4	0	4	1	0
2010	Pellepellepelle	40	Gen2	4	0	4	1	0
2010	missis	29	Gen3	4	1	3	0.75	0.25
2010	Snäckan84	25	Gen3	4	0	4	1	0
2010	Strawberry3	31	Gen2	4	0	4	1	0
2010	EmmaRoSa	26	Gen3	4	1	3	0.75	0.25
2010	abinito	32	Gen2	4	2	2	0.5	0.5
2010	smelata	23	Gen3	4	0	4	1	0
2010	EbbsansMamma	18	Gen4	4	1	3	0.75	0.25
2010	jesgad	40	Gen2	4	0	4	1	0
2010	Pemberly	31	Gen2	4	0	4	1	0
2010	Badfantasten	32	Gen2	4	0	4	1	0
2010	Aleksandra	48	Gen1	4	0	4	1	0
2010	lilaemma	29	Gen3	4	1	3	0.75	0.25
2010	noorah	22	Gen3	4	0	4	1	0
2010	Theres	24	Gen3	4	0	4	1	0
2010	Senap	40	Gen2	4	0	4	1	0
2010	Bine78	31	Gen2	4	0	4	1	0
2010	JaQ	20	Gen4	4	0	4	1	0
2010	Nellie81	28	Gen3	4	1	3	0.75	0.25
2010	tusshh	22	Gen3	4	4	0	0	1
2010	Stefanie	22	Gen3	4	0	4	1	0
2010	NobodysFool	22	Gen3	4	0	4	1	0
2010	AAEV	23	Gen3	4	1	3	0.75	0.25
2010	sandra8712	22	Gen3	4	0	4	1	0
2010	Fru Plommon81	28	Gen3	4	0	4	1	0
2010	Nyfiken86	23	Gen3	4	0	4	1	0
2010	Längtar Igen	34	Gen2	4	0	4	1	0
2010	Tussebus	33	Gen2	4	2	2	0.5	0.5
2010	Buggster	21	Gen3	4	2	2	0.5	0.5
2010	Friid4	19	Gen4	4	0	4	1	0
2010	lillabebben	30	Gen3	4	1	3	0.75	0.25
2010	Lippans	31	Gen2	4	0	4	1	0
2010	Purelyplatonic	30	Gen3	4	0	4	1	0
2010	Siljelin	31	Gen2	4	1	3	0.75	0.25
2010	MariaJuj	27	Gen3	4	0	4	1	0
2010	Thuss	28	Gen3	4	2	2	0.5	0.5
2010	spratteldockan	40	Gen2	4	3	1	0.25	0.75
2010	irruz	24	Gen3	4	0	4	1	0
2010	doriah	30	Gen3	4	3	1	0.25	0.75
2010	Matteus	40	Gen2	4	0	4	1	0
2010	Emeliie89	20	Gen4	4	0	4	1	0
2010	annawall	34	Gen2	4	0	4	1	0
2010	Tilda	29	Gen3	4	1	3	0.75	0.25
2010	5 barnsmamman	31	Gen2	4	3	1	0.25	0.75
2010	livet från ljusa sidan	29	Gen3	4	0	4	1	0
2010	Hella08	24	Gen3	4	2	2	0.5	0.5
2010	faster	46	Gen1	4	1	3	0.75	0.25
2010	ango07	32	Gen2	4	0	4	1	0
2010	Nenne	24	Gen3	4	0	4	1	0
2010	luzorsus	32	Gen2	4	2	2	0.5	0.5
2010	PennyLane	31	Gen2	4	1	3	0.75	0.25
2010	Bustrollen	22	Gen3	4	0	4	1	0
2010	annmin	49	Gen1	4	0	4	1	0
2010	Skrollansmamma	27	Gen3	4	0	4	1	0
2010	akademikern	40	Gen2	4	0	4	1	0
2010	Rude Billy	23	Gen3	4	0	4	1	0
2010	Xadime	25	Gen3	4	1	3	0.75	0.25
2010	nostalgi	50	Gen1	4	1	3	0.75	0.25
2010	korvmedbröd	22	Gen3	4	0	4	1	0
2010	sänka	40	Gen2	4	4	0	0	1
2010	bmbengtsson	29	Gen3	4	0	4	1	0
2010	Mandis	19	Gen4	4	1	3	0.75	0.25
2010	Afrodisiac	31	Gen2	4	0	4	1	0
2010	Mina72	37	Gen2	4	0	4	1	0
2010	Mutter80	29	Gen3	4	1	3	0.75	0.25
2010	Pannkakan16	24	Gen3	4	0	4	1	0
2010	Caroline76	33	Gen2	4	0	4	1	0
2010	lichen	40	Gen2	4	0	4	1	0
2010	felicityporter	24	Gen3	4	0	4	1	0
2010	Annapanna80	29	Gen3	4	0	4	1	0
2010	sarap1978	31	Gen2	4	0	4	1	0
2010	Serafine	29	Gen3	4	0	4	1	0
2010	eviz08	27	Gen3	4	0	4	1	0
2010	ernlia03	30	Gen3	4	1	3	0.75	0.25
2010	Eilem	21	Gen3	4	0	4	1	0
2010	Sol88	21	Gen3	4	0	4	1	0
2010	Anna65	40	Gen2	4	0	4	1	0
2010	Tarzanina	29	Gen3	4	1	3	0.75	0.25
2010	Psychadelia	27	Gen3	4	0	4	1	0
2010	Mrs Jen	29	Gen3	4	0	4	1	0
2010	lina81	40	Gen2	4	4	0	0	1
2010	Starla	29	Gen3	4	0	4	1	0
2010	Jessa76	33	Gen2	4	3	1	0.25	0.75
2010	Jackie och prinsarna	20	Gen4	4	1	3	0.75	0.25
2010	LeaveMeAlone	26	Gen3	4	0	4	1	0
2010	Masterblaster	38	Gen2	4	0	4	1	0
2010	lingonben	58	Gen1	4	0	4	1	0
2010	Freksta	24	Gen3	4	1	3	0.75	0.25
2010	Maja27	47	Gen1	4	0	4	1	0
2010	flower6	35	Gen2	3	3	0	0	1
2010	Pojkmamma2	21	Gen3	3	1	2	0.6666666667	0.3333333333
2010	Cassidy	27	Gen3	3	0	3	1	0
2010	nina72	37	Gen2	3	0	3	1	0
2010	Hedi	44	Gen1	3	0	3	1	0
2010	Missermajser	36	Gen2	3	0	3	1	0
2010	margot	40	Gen2	3	1	2	0.6666666667	0.3333333333
2010	malininorrköping	35	Gen2	3	0	3	1	0
2010	Pethrelita	32	Gen2	3	0	3	1	0
2010	camillas1985	24	Gen3	3	0	3	1	0
2010	Västerås	32	Gen2	3	1	2	0.6666666667	0.3333333333
2010	Lenchen77	40	Gen2	3	0	3	1	0
2010	Vårblomma	25	Gen3	3	0	3	1	0
2010	lillälva	32	Gen2	3	1	2	0.6666666667	0.3333333333
2010	asa1018	30	Gen3	3	0	3	1	0
2010	HWikström	28	Gen3	3	0	3	1	0
2010	Helena och Axel	27	Gen3	3	0	3	1	0
2010	Elvirasmamma	22	Gen3	3	0	3	1	0
2010	fostermamman	48	Gen1	3	0	3	1	0
2010	camcam1	27	Gen3	3	0	3	1	0
2010	Trolletroll	32	Gen2	3	0	3	1	0
2010	Magnetica	36	Gen2	3	1	2	0.6666666667	0.3333333333
2010	HASP	25	Gen3	3	1	2	0.6666666667	0.3333333333
2010	Insomble	24	Gen3	3	0	3	1	0
2010	Trinis	34	Gen2	3	0	3	1	0
2010	tjorven80	40	Gen2	3	0	3	1	0
2010	Vit Lilja	21	Gen3	3	0	3	1	0
2010	Sofiapers	34	Gen2	3	0	3	1	0
2010	Raggarmunk	29	Gen3	3	0	3	1	0
2010	Lillfjant	31	Gen2	3	1	2	0.6666666667	0.3333333333
2010	cid	25	Gen3	3	0	3	1	0
2010	stortå	35	Gen2	3	2	1	0.3333333333	0.6666666667
2010	Oktoberbebis	29	Gen3	3	0	3	1	0
2010	Tant Groda	27	Gen3	3	0	3	1	0
2010	LillfisenE	24	Gen3	3	0	3	1	0
2010	SusiSue	32	Gen2	3	0	3	1	0
2010	IsaViolia	22	Gen3	3	3	0	0	1
2010	djevojka	28	Gen3	3	1	2	0.6666666667	0.3333333333
2010	estrella81	29	Gen3	3	1	2	0.6666666667	0.3333333333
2010	DonnaLisa	29	Gen3	3	0	3	1	0
2010	magelita80	29	Gen3	3	1	2	0.6666666667	0.3333333333
2010	MrsCD	29	Gen3	3	0	3	1	0
2010	Gliimma	20	Gen4	3	0	3	1	0
2010	Nanook	27	Gen3	3	0	3	1	0
2010	Michanna	32	Gen2	3	0	3	1	0
2010	Imagine this	25	Gen3	3	0	3	1	0
2010	Lilaa	28	Gen3	3	2	1	0.3333333333	0.6666666667
2010	flixflax	34	Gen2	3	1	2	0.6666666667	0.3333333333
2010	Aaglars	39	Gen2	3	0	3	1	0
2010	agda06	40	Gen2	3	0	3	1	0
2010	höst	35	Gen2	3	0	3	1	0
2010	labbalabba	23	Gen3	3	1	2	0.6666666667	0.3333333333
2010	dontworrybehappy	23	Gen3	3	0	3	1	0
2010	Mammat3	23	Gen3	3	3	0	0	1
2010	kotka	40	Gen2	3	1	2	0.6666666667	0.3333333333
2010	AvalonC	28	Gen3	3	0	3	1	0
2010	Pilu	27	Gen3	3	3	0	0	1
2010	Lindizz	24	Gen3	3	0	3	1	0
2010	SamsonS	20	Gen4	3	0	3	1	0
2010	TessLiihten	26	Gen3	3	0	3	1	0
2010	Emster	40	Gen2	3	2	1	0.3333333333	0.6666666667
2010	emilsmamma	27	Gen3	3	3	0	0	1
2010	caos	30	Gen3	3	1	2	0.6666666667	0.3333333333
2010	yousou	22	Gen3	3	0	3	1	0
2010	kali86	23	Gen3	3	0	3	1	0
2010	Mmmbop	30	Gen3	3	0	3	1	0
2010	KramKalas	26	Gen3	3	3	0	0	1
2010	elinnnnn	40	Gen2	3	1	2	0.6666666667	0.3333333333
2010	Sofie 87	22	Gen3	3	0	3	1	0
2010	Emlan88	21	Gen3	3	0	3	1	0
2010	Kallemero79	30	Gen3	3	0	3	1	0
2010	augustibruden	38	Gen2	3	0	3	1	0
2010	mimi66	43	Gen1	3	1	2	0.6666666667	0.3333333333
2010	mysifer	25	Gen3	3	1	2	0.6666666667	0.3333333333
2010	Amulett	34	Gen2	3	0	3	1	0
2010	Lima80	29	Gen3	3	0	3	1	0
2010	cirkel	35	Gen2	3	0	3	1	0
2010	Gostosa	29	Gen3	3	0	3	1	0
2010	Ung Mamma 91	18	Gen4	3	3	0	0	1
2010	Trulsa1985	24	Gen3	3	0	3	1	0
2010	Zirkon	21	Gen3	3	0	3	1	0
2010	KickanAnnika	35	Gen2	3	1	2	0.6666666667	0.3333333333
2010	Isabelsmamma	24	Gen3	3	0	3	1	0
2010	Jonsi	40	Gen2	3	0	3	1	0
2010	AnnaS84	25	Gen3	3	0	3	1	0
2010	Flamma	26	Gen3	3	2	1	0.3333333333	0.6666666667
2010	Fia86	23	Gen3	3	3	0	0	1
2010	MartinaE	25	Gen3	3	1	2	0.6666666667	0.3333333333
2010	jennnyberg	29	Gen3	3	2	1	0.3333333333	0.6666666667
2010	81missan	28	Gen3	3	0	3	1	0
2010	Fe73	36	Gen2	3	3	0	0	1
2010	Annie82	27	Gen3	3	0	3	1	0
2010	Mjukamilla	34	Gen2	3	0	3	1	0
2010	tompatiger	34	Gen2	3	0	3	1	0
2010	kalleman	23	Gen3	3	0	3	1	0
2010	Tap dancing mum	40	Gen2	3	2	1	0.3333333333	0.6666666667
2010	lilletrille	31	Gen2	3	2	1	0.3333333333	0.6666666667
2010	nixxia	30	Gen3	3	1	2	0.6666666667	0.3333333333
2010	My sunshine	24	Gen3	3	0	3	1	0
2010	Liam0411	34	Gen2	3	0	3	1	0
2010	oxytocin	40	Gen2	3	3	0	0	1
2010	qbtq	25	Gen3	3	0	3	1	0
2010	Neiti	21	Gen3	3	0	3	1	0
2010	Amy27	26	Gen3	3	0	3	1	0
2010	Skruttensmamma	32	Gen2	3	0	3	1	0
2010	Tjohooo82	27	Gen3	3	0	3	1	0
2010	Lottapotta08	36	Gen2	3	0	3	1	0
2010	WhiteAngels	30	Gen3	3	0	3	1	0
2010	LollloZ	25	Gen3	3	2	1	0.3333333333	0.6666666667
2010	wedding2009	29	Gen3	3	0	3	1	0
2010	cruz	40	Gen2	3	0	3	1	0
2010	Malin 72	38	Gen2	3	0	3	1	0
2010	Blogg	40	Gen2	3	1	2	0.6666666667	0.3333333333
2010	Kianne	29	Gen3	3	0	3	1	0
2010	Annsofie82	27	Gen3	3	0	3	1	0
2010	Empo	25	Gen3	3	0	3	1	0
2010	Shizuka	50	Gen1	3	0	3	1	0
2010	Tuttan80	29	Gen3	3	0	3	1	0
2010	Superolga	29	Gen3	3	2	1	0.3333333333	0.6666666667
2010	emme 86	23	Gen3	3	0	3	1	0
2010	cesse26	25	Gen3	3	0	3	1	0
2010	Anissa	22	Gen3	3	0	3	1	0
2010	princess of hearts	22	Gen3	3	0	3	1	0
2010	Godess	31	Gen2	3	2	1	0.3333333333	0.6666666667
2010	Pingla35	32	Gen2	3	0	3	1	0
2010	Zoolie	39	Gen2	3	0	3	1	0
2010	Kary	28	Gen3	3	1	2	0.6666666667	0.3333333333
2010	LC77	32	Gen2	3	0	3	1	0
2010	Dompans mamma	27	Gen3	3	0	3	1	0
2010	aquarius87	22	Gen3	3	1	2	0.6666666667	0.3333333333
2010	babyboom86	23	Gen3	3	3	0	0	1
2010	södermamman	29	Gen3	3	0	3	1	0
2010	Karin J	34	Gen2	3	0	3	1	0
2010	Maya82	40	Gen2	3	0	3	1	0
2010	Bohman	24	Gen3	3	0	3	1	0
2010	Emjah	33	Gen2	3	0	3	1	0
2010	z86a	23	Gen3	3	0	3	1	0
2010	ratwoman	33	Gen2	3	1	2	0.6666666667	0.3333333333
2010	Kickan90	39	Gen2	3	0	3	1	0
2010	Kickiliisa	32	Gen2	3	0	3	1	0
2010	skanka	32	Gen2	3	0	3	1	0
2010	indicaana	25	Gen3	3	1	2	0.6666666667	0.3333333333
2010	Finamamma	35	Gen2	3	0	3	1	0
2010	Sally Bally	24	Gen3	3	1	2	0.6666666667	0.3333333333
2010	snartliverhorn	31	Gen2	3	0	3	1	0
2010	mittallt	24	Gen3	3	0	3	1	0
2010	Dansken	23	Gen3	3	0	3	1	0
2010	Aiyana	47	Gen1	3	0	3	1	0
2010	Lilli77	32	Gen2	3	1	2	0.6666666667	0.3333333333
2010	Äventyr	40	Gen2	3	0	3	1	0
2010	Wirre	40	Gen2	3	0	3	1	0
2010	Lehla	26	Gen3	3	0	3	1	0
2010	LillaEllan	23	Gen3	3	0	3	1	0
2010	Mamba	25	Gen3	3	3	0	0	1
2010	Nitrogen	22	Gen3	3	0	3	1	0
2010	Busflickan	27	Gen3	3	0	3	1	0
2010	MammaOchMatte	26	Gen3	3	0	3	1	0
2010	knitwit	40	Gen2	3	0	3	1	0
2010	kinapuff	21	Gen3	3	0	3	1	0
2010	Flipp	40	Gen2	3	0	3	1	0
2010	rymdmonstret	30	Gen3	3	0	3	1	0
2010	Moa83	27	Gen3	3	0	3	1	0
2010	TanjaS	37	Gen2	3	0	3	1	0
2010	vildovacker1	28	Gen3	3	0	3	1	0
2010	Tequeida86	23	Gen3	3	2	1	0.3333333333	0.6666666667
2010	Anubisa	31	Gen2	3	0	3	1	0
2010	Torken	20	Gen4	3	0	3	1	0
2010	sandrafia	26	Gen3	3	3	0	0	1
2010	Chokladpinglan	25	Gen3	3	0	3	1	0
2010	vänlig	37	Gen2	3	0	3	1	0
2010	millalle	24	Gen3	2	1	1	0.5	0.5
2010	WilleViking	33	Gen2	2	0	2	1	0
2010	Salamina	38	Gen2	2	0	2	1	0
2010	Makkinje	23	Gen3	2	0	2	1	0
2010	Icis86	23	Gen3	2	0	2	1	0
2010	Vintersol80	29	Gen3	2	1	1	0.5	0.5
2010	chivas	36	Gen2	2	2	0	0	1
2010	jeni	40	Gen2	2	0	2	1	0
2010	mysgravid	21	Gen3	2	0	2	1	0
2010	Erizajo	25	Gen3	2	2	0	0	1
2010	Keyrie	24	Gen3	2	0	2	1	0
2010	margarita	53	Gen1	2	0	2	1	0
2010	Skit i det du	40	Gen2	2	0	2	1	0
2010	Tess26	29	Gen3	2	0	2	1	0
2010	noelle	32	Gen2	2	1	1	0.5	0.5
2010	mikaela1978	31	Gen2	2	2	0	0	1
2010	anna hepp	25	Gen3	2	0	2	1	0
2010	bily	23	Gen3	2	1	1	0.5	0.5
2010	Mashenjka	37	Gen2	2	0	2	1	0
2010	Maria Helena	41	Gen1	2	2	0	0	1
2010	Miss M V	34	Gen2	2	1	1	0.5	0.5
2010	mariakall	31	Gen2	2	0	2	1	0
2010	MollyMax	33	Gen2	2	1	1	0.5	0.5
2010	QrazyQuties	36	Gen2	2	0	2	1	0
2010	pysselmajjo	27	Gen3	2	0	2	1	0
2010	Mejaochjag	33	Gen2	2	2	0	0	1
2010	Lambi09	24	Gen3	2	0	2	1	0
2010	Nanna84	40	Gen2	2	1	1	0.5	0.5
2010	vivi85	24	Gen3	2	0	2	1	0
2010	Loris	22	Gen3	2	0	2	1	0
2010	Jenny81	28	Gen3	2	0	2	1	0
2010	niiiica	28	Gen3	2	0	2	1	0
2010	emilou77	28	Gen3	2	0	2	1	0
2010	dea	18	Gen4	2	1	1	0.5	0.5
2010	MsFrida	27	Gen3	2	1	1	0.5	0.5
2010	zookie	40	Gen2	2	0	2	1	0
2010	ciissii	20	Gen4	2	0	2	1	0
2010	N4L	23	Gen3	2	2	0	0	1
2010	daKi	21	Gen3	2	0	2	1	0
2010	camave	31	Gen2	2	0	2	1	0
2010	svischan	27	Gen3	2	0	2	1	0
2010	fröken sol	31	Gen2	2	0	2	1	0
2010	jazmine25	28	Gen3	2	1	1	0.5	0.5
2010	Mirla	40	Gen2	2	2	0	0	1
2010	bonäslina	25	Gen3	2	1	1	0.5	0.5
2010	romlen	34	Gen2	2	0	2	1	0
2010	Delfinen	40	Gen2	2	0	2	1	0
2010	Molina	32	Gen2	2	2	0	0	1
2010	värmeljus	34	Gen2	2	2	0	0	1
2010	Skruttis	40	Gen2	2	2	0	0	1
2010	Bette	43	Gen1	2	0	2	1	0
2010	Majbaby2011	28	Gen3	2	0	2	1	0
2010	amanda j	40	Gen2	2	2	0	0	1
2010	hugger i sten	29	Gen3	2	0	2	1	0
2010	Musche	34	Gen2	2	0	2	1	0
2010	down under	32	Gen2	2	1	1	0.5	0.5
2010	lisen88	21	Gen3	2	0	2	1	0
2010	UmmAminah	25	Gen3	2	1	1	0.5	0.5
2010	Aniko	34	Gen2	2	0	2	1	0
2010	Cjes83	26	Gen3	2	2	0	0	1
2010	maj09	34	Gen2	2	0	2	1	0
2010	Little Mrs Li	27	Gen3	2	0	2	1	0
2010	Rix	38	Gen2	2	0	2	1	0
2010	tantS	23	Gen3	2	1	1	0.5	0.5
2010	guldrosen1	23	Gen3	2	0	2	1	0
2010	bili	50	Gen1	2	0	2	1	0
2010	HallWall	33	Gen2	2	0	2	1	0
2010	Nea 85	40	Gen2	2	0	2	1	0
2010	zeebra	30	Gen3	2	0	2	1	0
2010	MalinV	33	Gen2	2	0	2	1	0
2010	Fru LB	26	Gen3	2	0	2	1	0
2010	Mandy86	40	Gen2	2	0	2	1	0
2010	brokig	26	Gen3	2	0	2	1	0
2010	Lillstrumpa	28	Gen3	2	0	2	1	0
2010	Aquarius	26	Gen3	2	0	2	1	0
2010	icelolly	29	Gen3	2	0	2	1	0
2010	FL Lisa	27	Gen3	2	0	2	1	0
2010	mulan	40	Gen2	2	0	2	1	0
2010	mammat2	23	Gen3	2	0	2	1	0
2010	Milliz	40	Gen2	2	0	2	1	0
2010	kath	33	Gen2	2	0	2	1	0
2010	TeZs	23	Gen3	2	0	2	1	0
2010	KATITZY	21	Gen3	2	0	2	1	0
2010	majo79	30	Gen3	2	0	2	1	0
2010	ecco87	22	Gen3	2	0	2	1	0
2010	mamman2008	28	Gen3	2	2	0	0	1
2010	SmurfÖga	38	Gen2	2	0	2	1	0
2010	mumama	29	Gen3	2	1	1	0.5	0.5
2010	soff82	27	Gen3	2	0	2	1	0
2010	Danneli	24	Gen3	2	0	2	1	0
2010	Stargirl	40	Gen2	2	0	2	1	0
2010	sara jolu	26	Gen3	2	0	2	1	0
2010	bakabakalitenkaka	31	Gen2	2	0	2	1	0
2010	Acelise	26	Gen3	2	0	2	1	0
2010	JuliaIsabella	28	Gen3	2	0	2	1	0
2010	sandrablom	22	Gen3	2	1	1	0.5	0.5
2010	Novaliss	26	Gen3	2	0	2	1	0
2010	Chipotle	30	Gen3	2	0	2	1	0
2010	2babiesmom	27	Gen3	2	1	1	0.5	0.5
2010	Sven Justus	54	Gen1	2	1	1	0.5	0.5
2010	lerumstessan	27	Gen3	2	0	2	1	0
2010	September2009	28	Gen3	2	2	0	0	1
2010	sancho	24	Gen3	2	1	1	0.5	0.5
2010	Monna	30	Gen3	2	0	2	1	0
2010	NochA	25	Gen3	2	2	0	0	1
2010	Carli	40	Gen2	2	0	2	1	0
2010	lavendeln	25	Gen3	2	0	2	1	0
2010	Smurflisa	34	Gen2	2	0	2	1	0
2010	Susie	40	Gen2	2	0	2	1	0
2010	TrueBlood	33	Gen2	2	0	2	1	0
2010	Trissvinnaren	36	Gen2	2	0	2	1	0
2010	emmis82	28	Gen3	2	1	1	0.5	0.5
2010	knäckis	33	Gen2	2	0	2	1	0
2010	Rikki	40	Gen2	2	0	2	1	0
2010	sofiaolivia	22	Gen3	2	2	0	0	1
2010	Lisa1976	33	Gen2	2	2	0	0	1
2010	eliten	27	Gen3	2	0	2	1	0
2010	Smulan1973	36	Gen2	2	0	2	1	0
2010	mababy	26	Gen3	2	0	2	1	0
2010	AJS	40	Gen2	2	0	2	1	0
2010	Alexia06	28	Gen3	2	0	2	1	0
2010	Margit	28	Gen3	2	0	2	1	0
2010	Leiah	25	Gen3	2	0	2	1	0
2010	FruEdberg	32	Gen2	2	1	1	0.5	0.5
2010	Hjärtefröjd	31	Gen2	2	0	2	1	0
2010	vill bli mamma 2009	34	Gen2	2	0	2	1	0
2010	siren	21	Gen3	2	0	2	1	0
2010	Ellani	27	Gen3	2	0	2	1	0
2010	Nattis90	19	Gen4	2	0	2	1	0
2010	Ellas och Alvins mamma	32	Gen2	2	1	1	0.5	0.5
2010	Tweety78	31	Gen2	2	1	1	0.5	0.5
2010	Piken	37	Gen2	2	0	2	1	0
2010	Johanna 85	24	Gen3	2	0	2	1	0
2010	swiitii	22	Gen3	2	0	2	1	0
2010	mammatill2rara	21	Gen3	2	0	2	1	0
2010	Beckaa	24	Gen3	2	0	2	1	0
2010	mammailund85	24	Gen3	2	2	0	0	1
2010	Stella79	30	Gen3	2	2	0	0	1
2010	Guldkorn	28	Gen3	2	0	2	1	0
2010	HJ81	28	Gen3	2	1	1	0.5	0.5
2010	MelissaLiamLilo	23	Gen3	2	0	2	1	0
2010	jebba	35	Gen2	2	0	2	1	0
2010	Lillajagmedstorahjärtat	26	Gen3	2	0	2	1	0
2010	Bellss	21	Gen3	2	1	1	0.5	0.5
2010	foodji	33	Gen2	2	0	2	1	0
2010	Mariella81	28	Gen3	2	0	2	1	0
2010	Maddex	29	Gen3	2	0	2	1	0
2010	Althea	35	Gen2	2	0	2	1	0
2010	Josefin	39	Gen2	2	0	2	1	0
2010	murremarre	28	Gen3	2	0	2	1	0
2010	lemonina	29	Gen3	2	0	2	1	0
2010	Gul13	41	Gen1	2	0	2	1	0
2010	Biinzan	20	Gen4	2	1	1	0.5	0.5
2010	kinder	40	Gen2	2	2	0	0	1
2010	Fimpen72	40	Gen2	2	0	2	1	0
2010	Minimum	40	Gen2	2	0	2	1	0
2010	Ben10	28	Gen3	2	0	2	1	0
2010	Jimmie	34	Gen2	2	2	0	0	1
2010	Corina	40	Gen2	2	0	2	1	0
2010	cherrypie	38	Gen2	2	1	1	0.5	0.5
2010	Zazza	40	Gen2	2	0	2	1	0
2010	miiaaa	40	Gen2	2	0	2	1	0
2010	Zs1985	24	Gen3	2	0	2	1	0
2010	crazy hannah	23	Gen3	2	1	1	0.5	0.5
2010	mammaprutt	24	Gen3	2	0	2	1	0
2010	Ina81	28	Gen3	2	0	2	1	0
2010	Sanna86	23	Gen3	2	0	2	1	0
2010	ProosAnna	26	Gen3	2	0	2	1	0
2010	Pikapika	36	Gen2	2	0	2	1	0
2010	kendi	21	Gen3	2	0	2	1	0
2010	mjau84	25	Gen3	2	0	2	1	0
2010	Lotten73	36	Gen2	2	1	1	0.5	0.5
2010	dahrma74	35	Gen2	2	0	2	1	0
2010	MalinBN	37	Gen2	2	0	2	1	0
2010	Emotional	24	Gen3	2	0	2	1	0
2010	LiBä007	30	Gen3	2	0	2	1	0
2010	Starchild	40	Gen2	2	0	2	1	0
2010	Soffipropp01	21	Gen3	2	0	2	1	0
2010	MissGoodie	34	Gen2	2	1	1	0.5	0.5
2010	Moonprincess	23	Gen3	2	0	2	1	0
2010	Lovva	23	Gen3	2	0	2	1	0
2010	Mivo	34	Gen2	2	0	2	1	0
2010	lillan77	33	Gen2	2	2	0	0	1
2010	Ekstrumpa	28	Gen3	2	1	1	0.5	0.5
2010	solstickan41	43	Gen1	2	0	2	1	0
2010	Fruntimre	21	Gen3	2	0	2	1	0
2010	CuteCherryAnn	26	Gen3	2	1	1	0.5	0.5
2010	bubbeltess	32	Gen2	2	1	1	0.5	0.5
2010	MrsCL	29	Gen3	2	0	2	1	0
2010	Eevy	40	Gen2	2	1	1	0.5	0.5
2010	sweasmamma	28	Gen3	2	1	1	0.5	0.5
2010	InHeaven	22	Gen3	2	0	2	1	0
2010	Mammelutten	38	Gen2	2	0	2	1	0
2010	rox	30	Gen3	2	0	2	1	0
2010	brunatofflor	21	Gen3	2	0	2	1	0
2010	Nettan1982	27	Gen3	2	0	2	1	0
2010	Mysabelle	19	Gen4	2	0	2	1	0
2010	Kickelina	44	Gen1	2	0	2	1	0
2010	mammacarro	24	Gen3	2	0	2	1	0
2010	lisadragon	25	Gen3	2	1	1	0.5	0.5
2010	isabellem	21	Gen3	2	0	2	1	0
2010	The bad seed	26	Gen3	2	1	1	0.5	0.5
2010	Vågatillslut	34	Gen2	2	0	2	1	0
2010	victory tilly	32	Gen2	2	0	2	1	0
2010	MillaP	42	Gen1	2	1	1	0.5	0.5
2010	Alle	40	Gen2	2	0	2	1	0
2010	SaraSara	34	Gen2	2	0	2	1	0
2010	Fanny87	40	Gen2	2	0	2	1	0
2010	CuteElliz	22	Gen3	2	0	2	1	0
2010	frukarlsson	30	Gen3	2	1	1	0.5	0.5
2010	Idacha	40	Gen2	2	0	2	1	0
2010	ronjaeda	19	Gen4	2	0	2	1	0
2010	gaud	46	Gen1	2	0	2	1	0
2010	ladybug	23	Gen3	2	0	2	1	0
2010	Assis	36	Gen2	2	2	0	0	1
2010	Ceija	40	Gen2	2	0	2	1	0
2010	LMJ	35	Gen2	2	2	0	0	1
2010	daphne	28	Gen3	2	0	2	1	0
2010	turboalex	23	Gen3	2	0	2	1	0
2010	MaryLi	40	Gen2	2	0	2	1	0
2010	Ella Jade	27	Gen3	2	0	2	1	0
2010	Gravid 2008	23	Gen3	2	0	2	1	0
2010	Ms Trooper	25	Gen3	2	1	1	0.5	0.5
2010	hoppfull idag	28	Gen3	2	0	2	1	0
2010	Rävelina	32	Gen2	2	1	1	0.5	0.5
2010	mementa	39	Gen2	2	1	1	0.5	0.5
2010	lovemissen	27	Gen3	2	0	2	1	0
2010	hadhouda	32	Gen2	2	0	2	1	0
2010	Lolisa	33	Gen2	2	0	2	1	0
2010	Anna83	26	Gen3	2	2	0	0	1
2010	Ambrooke	20	Gen4	2	1	1	0.5	0.5
2010	Babyfacepsycho	24	Gen3	2	0	2	1	0
2010	Alexandria	36	Gen2	2	0	2	1	0
2010	MammaNova	27	Gen3	2	0	2	1	0
2010	Pippiputti	36	Gen2	2	0	2	1	0
2010	STA	31	Gen2	2	2	0	0	1
2010	Carol	40	Gen2	2	0	2	1	0
2010	Nissen86	23	Gen3	2	0	2	1	0
2010	Brio	20	Gen4	2	0	2	1	0
2010	Pumba	40	Gen2	2	0	2	1	0
2010	Lyckobebisen	24	Gen3	2	0	2	1	0
2010	Smilla1976	33	Gen2	2	1	1	0.5	0.5
2010	vanligkille37	36	Gen2	2	2	0	0	1
2010	DorisB	40	Gen2	2	0	2	1	0
2010	MRMR1	45	Gen1	2	0	2	1	0
2010	carlan	27	Gen3	2	0	2	1	0
2010	Eddiesmamma	24	Gen3	2	0	2	1	0
2010	jEnNiK	27	Gen3	2	0	2	1	0
2010	Chica	40	Gen2	1	0	1	1	0
2010	driver28	39	Gen2	1	0	1	1	0
2010	Amatory	25	Gen3	1	0	1	1	0
2010	prickelina	27	Gen3	1	0	1	1	0
2010	ullehj	36	Gen2	1	0	1	1	0
2010	Mizca	24	Gen3	1	0	1	1	0
2010	Obzi	33	Gen2	1	1	0	0	1
2010	Doodelidoo	35	Gen2	1	0	1	1	0
2010	Ponja	22	Gen3	1	0	1	1	0
2010	Lundin	40	Gen2	1	0	1	1	0
2010	kattengustav	28	Gen3	1	0	1	1	0
2010	Hultan	24	Gen3	1	0	1	1	0
2010	ninaaw	19	Gen4	1	0	1	1	0
2010	angelgirl84	25	Gen3	1	1	0	0	1
2010	häxan surtant 6	39	Gen2	1	1	0	0	1
2010	örnen	26	Gen3	1	0	1	1	0
2010	Emms1984	25	Gen3	1	0	1	1	0
2010	larssonsophie	26	Gen3	1	0	1	1	0
2010	Sashimi	34	Gen2	1	0	1	1	0
2010	Maya85	25	Gen3	1	0	1	1	0
2010	Jen08	35	Gen2	1	0	1	1	0
2010	Trubbsla	40	Gen2	1	0	1	1	0
2010	millisen	40	Gen2	1	0	1	1	0
2010	Panope	30	Gen3	1	0	1	1	0
2010	mamalo	40	Gen2	1	1	0	0	1
2010	Älskarminabarn	33	Gen2	1	0	1	1	0
2010	tokfia	42	Gen1	1	0	1	1	0
2010	mossan	40	Gen2	1	0	1	1	0
2010	TildisVildis	34	Gen2	1	0	1	1	0
2010	Jill 79	30	Gen3	1	1	0	0	1
2010	wiizz	22	Gen3	1	1	0	0	1
2010	frieden	40	Gen2	1	1	0	0	1
2010	SErixon	20	Gen4	1	0	1	1	0
2010	Hammare	39	Gen2	1	0	1	1	0
2010	Sjöjungfrun	40	Gen2	1	0	1	1	0
2010	Frida Li	24	Gen3	1	0	1	1	0
2010	Grenna	43	Gen1	1	1	0	0	1
2010	loffes	40	Gen2	1	0	1	1	0
2010	CathrinLarsson	26	Gen3	1	0	1	1	0
2010	carolinasfam	20	Gen4	1	0	1	1	0
2010	Den som Längtar	21	Gen3	1	0	1	1	0
2010	PS84	25	Gen3	1	1	0	0	1
2010	biologic	23	Gen3	1	0	1	1	0
2010	saran	40	Gen2	1	0	1	1	0
2010	Pulp	40	Gen2	1	0	1	1	0
2010	Tummelisa06	30	Gen3	1	1	0	0	1
2010	skjuter illa	33	Gen2	1	0	1	1	0
2010	Sazee	20	Gen4	1	0	1	1	0
2010	tree	23	Gen3	1	0	1	1	0
2010	kaffebönan	37	Gen2	1	0	1	1	0
2010	Linduccia	34	Gen2	1	0	1	1	0
2010	violla	29	Gen3	1	0	1	1	0
2010	asfaltsblomman	37	Gen2	1	1	0	0	1
2010	Louise89	40	Gen2	1	0	1	1	0
2010	Annos85	24	Gen3	1	0	1	1	0
2010	goding6666	31	Gen2	1	0	1	1	0
2010	Anna75	40	Gen2	1	0	1	1	0
2010	etanol	40	Gen2	1	0	1	1	0
2010	vernia	24	Gen3	1	0	1	1	0
2010	PreciousDivine	23	Gen3	1	0	1	1	0
2010	Um muhammed	26	Gen3	1	0	1	1	0
2010	laris	40	Gen2	1	0	1	1	0
2010	Cynric	24	Gen3	1	0	1	1	0
2010	BobRob	32	Gen2	1	0	1	1	0
2010	Johanniee	19	Gen4	1	0	1	1	0
2010	fjomsan	28	Gen3	1	1	0	0	1
2010	april79	30	Gen3	1	0	1	1	0
2010	Alexandra	40	Gen2	1	0	1	1	0
2010	Miu	40	Gen2	1	0	1	1	0
2010	Charlotte1987	22	Gen3	1	1	0	0	1
2010	ajmaj	35	Gen2	1	0	1	1	0
2010	Vesslan	32	Gen2	1	0	1	1	0
2010	Sjuan	33	Gen2	1	0	1	1	0
2010	Nuno	27	Gen3	1	0	1	1	0
2010	ninan	40	Gen2	1	0	1	1	0
2010	Lize	40	Gen2	1	1	0	0	1
2010	MissMy	25	Gen3	1	0	1	1	0
2010	Annsiss	27	Gen3	1	0	1	1	0
2010	lelle	40	Gen2	1	0	1	1	0
2010	3 barns mor	27	Gen3	1	0	1	1	0
2010	Josephine	38	Gen2	1	0	1	1	0
2010	MeandHim	27	Gen3	1	1	0	0	1
2010	Challe N	32	Gen2	1	0	1	1	0
2010	BAC	40	Gen2	1	0	1	1	0
2010	MamaJuice	23	Gen3	1	0	1	1	0
2010	Fru Persson	22	Gen3	1	0	1	1	0
2010	sazzia	23	Gen3	1	1	0	0	1
2010	abuelita	59	Gen1	1	0	1	1	0
2010	Juni 06	28	Gen3	1	0	1	1	0
2010	Vattuman83	26	Gen3	1	1	0	0	1
2010	moonlight	33	Gen2	1	0	1	1	0
2010	prutt	40	Gen2	1	0	1	1	0
2010	Jordgubben82	27	Gen3	1	0	1	1	0
2010	ssssssss8	27	Gen3	1	0	1	1	0
2010	MammanZ	34	Gen2	1	0	1	1	0
2010	silvermist	29	Gen3	1	0	1	1	0
2010	83a	26	Gen3	1	1	0	0	1
2010	Hemlighet	25	Gen3	1	0	1	1	0
2010	Josefine 85	24	Gen3	1	0	1	1	0
2010	snowball	24	Gen3	1	0	1	1	0
2010	Klöverdam	28	Gen3	1	0	1	1	0
2010	Elisabeth09	30	Gen3	1	0	1	1	0
2010	Liian	27	Gen3	1	0	1	1	0
2010	MammaTillEnPrins	30	Gen3	1	1	0	0	1
2010	yellow88	21	Gen3	1	0	1	1	0
2010	olin	40	Gen2	1	0	1	1	0
2010	Clouds	33	Gen2	1	1	0	0	1
2010	LiviasMamma	20	Gen4	1	0	1	1	0
2010	Helena D	35	Gen2	1	0	1	1	0
2010	Egon26	24	Gen3	1	1	0	0	1
2010	passau	33	Gen2	1	0	1	1	0
2010	Camela	29	Gen3	1	0	1	1	0
2010	charlie och novas mamma	24	Gen3	1	0	1	1	0
2010	morguse	28	Gen3	1	0	1	1	0
2010	villa villekulla	26	Gen3	1	0	1	1	0
2010	Niccan88	21	Gen3	1	0	1	1	0
2010	rosenfink	40	Gen2	1	0	1	1	0
2010	Tillalamm	27	Gen3	1	0	1	1	0
2010	silvanus	27	Gen3	1	0	1	1	0
2010	Denizkizi	23	Gen3	1	0	1	1	0
2010	Hanniz	23	Gen3	1	0	1	1	0
2010	Jokkan	23	Gen3	1	0	1	1	0
2010	Scilia	30	Gen3	1	1	0	0	1
2010	ulimon	37	Gen2	1	1	0	0	1
2010	cess	40	Gen2	1	0	1	1	0
2010	Baronessan	35	Gen2	1	1	0	0	1
2010	RoL	40	Gen2	1	1	0	0	1
2010	Dellan	43	Gen1	1	0	1	1	0
2010	LinnyUK	21	Gen3	1	0	1	1	0
2010	CrazyCarro	24	Gen3	1	1	0	0	1
2010	mellieB	22	Gen3	1	0	1	1	0
2010	N88	21	Gen3	1	0	1	1	0
2010	Bellizzzzz	24	Gen3	1	0	1	1	0
2010	Lunas	28	Gen3	1	1	0	0	1
2010	Lee76	33	Gen2	1	0	1	1	0
2010	Tattyn	32	Gen2	1	1	0	0	1
2010	Ninniisen	24	Gen3	1	0	1	1	0
2010	lillaknytet	28	Gen3	1	1	0	0	1
2010	stardream	29	Gen3	1	0	1	1	0
2010	Boel1	40	Gen2	1	0	1	1	0
2010	VildVittra	40	Gen2	1	0	1	1	0
2010	Fantastic 4	32	Gen2	1	1	0	0	1
2010	Stampan	31	Gen2	1	0	1	1	0
2010	haptic	28	Gen3	1	0	1	1	0
2010	Horst	34	Gen2	1	0	1	1	0
2010	Näver	40	Gen2	1	0	1	1	0
2010	ElinC	21	Gen3	1	0	1	1	0
2010	airam	44	Gen1	1	1	0	0	1
2010	apelsinens mamma	24	Gen3	1	0	1	1	0
2010	majamajas	36	Gen2	1	0	1	1	0
2010	MumOfThree	24	Gen3	1	0	1	1	0
2010	slapback	28	Gen3	1	0	1	1	0
2010	MiniFröberg	26	Gen3	1	0	1	1	0
2010	Turran	34	Gen2	1	0	1	1	0
2010	jankie	24	Gen3	1	1	0	0	1
2010	Lily38	36	Gen2	1	0	1	1	0
2010	Midsommarbarn	21	Gen3	1	0	1	1	0
2010	Flurran	27	Gen3	1	0	1	1	0
2010	Mysan31	29	Gen3	1	0	1	1	0
2010	Tokmamman	25	Gen3	1	0	1	1	0
2010	Lucefera	24	Gen3	1	1	0	0	1
2010	LML	40	Gen2	1	1	0	0	1
2010	Sally	36	Gen2	1	1	0	0	1
2010	Mamma gås	37	Gen2	1	0	1	1	0
2010	PernillaWaxin	23	Gen3	1	0	1	1	0
2010	trollet1985	40	Gen2	1	0	1	1	0
2010	majasmamma	22	Gen3	1	0	1	1	0
2010	LindizJ	30	Gen3	1	0	1	1	0
2010	StinaL	23	Gen3	1	0	1	1	0
2010	Catasita81	28	Gen3	1	0	1	1	0
2010	Barnsugen	31	Gen2	1	0	1	1	0
2010	Planer för Juni	27	Gen3	1	0	1	1	0
2010	vickan7	35	Gen2	1	0	1	1	0
2010	Maria K	40	Gen2	1	1	0	0	1
2010	sol75	34	Gen2	1	1	0	0	1
2010	arrro	35	Gen2	1	1	0	0	1
2010	lantidyllen	26	Gen3	1	1	0	0	1
2010	Molfel	23	Gen3	1	0	1	1	0
2010	Bajjelen	25	Gen3	1	0	1	1	0
2010	LillFia	26	Gen3	1	1	0	0	1
2010	Kopparkruka	21	Gen3	1	0	1	1	0
2010	Kisen82	27	Gen3	1	1	0	0	1
2010	Mida	37	Gen2	1	0	1	1	0
2010	Yori	22	Gen3	1	0	1	1	0
2010	Milljor	31	Gen2	1	0	1	1	0
2010	NEllY 85	24	Gen3	1	0	1	1	0
2010	Livshlädje	36	Gen2	1	1	0	0	1
2010	saralways	32	Gen2	1	0	1	1	0
2010	Izela	26	Gen3	1	0	1	1	0
2010	SofieMuller	19	Gen4	1	0	1	1	0
2010	Isse	23	Gen3	1	0	1	1	0
2010	chazbo	31	Gen2	1	0	1	1	0
2010	skorpiona	29	Gen3	1	0	1	1	0
2010	Zizzla	42	Gen1	1	0	1	1	0
2010	Hera	24	Gen3	1	0	1	1	0
2010	kirsty	24	Gen3	1	0	1	1	0
2010	Erase	37	Gen2	1	0	1	1	0
2010	AlexandersMamma	19	Gen4	1	0	1	1	0
2010	T inne	30	Gen3	1	1	0	0	1
2010	Amandamamman	30	Gen3	1	0	1	1	0
2010	Neria	23	Gen3	1	0	1	1	0
2010	mamion	30	Gen3	1	0	1	1	0
2010	thenalle	25	Gen3	1	0	1	1	0
2010	bambiii	22	Gen3	1	0	1	1	0
2010	Thessis77	32	Gen2	1	0	1	1	0
2010	annie dark	33	Gen2	1	0	1	1	0
2010	amanda h	21	Gen3	1	0	1	1	0
2010	exiteme	38	Gen2	1	0	1	1	0
2010	imaf	23	Gen3	1	0	1	1	0
2010	äntligen Vi	26	Gen3	1	0	1	1	0
2010	Love8707	22	Gen3	1	0	1	1	0
2010	aprilfamilj	23	Gen3	1	1	0	0	1
2010	Lina W	28	Gen3	1	0	1	1	0
2010	MariaX m 2	36	Gen2	1	1	0	0	1
2010	Banana82	27	Gen3	1	0	1	1	0
2010	Mrs00K	23	Gen3	1	0	1	1	0
2010	paola	40	Gen2	1	1	0	0	1
2010	sunshine03	30	Gen3	1	0	1	1	0
2010	blomkruka	40	Gen2	1	1	0	0	1
2010	LJo	36	Gen2	1	0	1	1	0
2010	Iza2011	26	Gen3	1	0	1	1	0
2010	Immer	49	Gen1	1	0	1	1	0
2010	Snowsee	24	Gen3	1	0	1	1	0
2010	MariaWe	29	Gen3	1	0	1	1	0
2010	Mamma till viljestark dotter	34	Gen2	1	1	0	0	1
2010	wallis	28	Gen3	1	0	1	1	0
2010	lenka	24	Gen3	1	0	1	1	0
2010	IVFmamma	27	Gen3	1	1	0	0	1
2010	Shk76	33	Gen2	1	1	0	0	1
2010	zatori	27	Gen3	1	0	1	1	0
2010	StorFot	32	Gen2	1	0	1	1	0
2010	stfu	40	Gen2	1	0	1	1	0
2010	Nifesoj	22	Gen3	1	0	1	1	0
2010	dukat	43	Gen1	1	1	0	0	1
2010	SVE	40	Gen2	1	0	1	1	0
2010	emersson75	34	Gen2	1	0	1	1	0
2010	Trollungen08	25	Gen3	1	0	1	1	0
2010	Emelie1988	21	Gen3	1	0	1	1	0
2010	ALJO	23	Gen3	1	0	1	1	0
2010	Bianca1	26	Gen3	1	0	1	1	0
2010	Valente	37	Gen2	1	0	1	1	0
2010	Finmamma	25	Gen3	1	0	1	1	0
2010	LaSexorcisto	24	Gen3	1	1	0	0	1
2010	Caladhiel	23	Gen3	1	0	1	1	0
2010	Sötnostim	24	Gen3	1	0	1	1	0
2010	GothicEve	23	Gen3	1	0	1	1	0
2010	Lilymor	31	Gen2	1	0	1	1	0
2010	TeDrickaren	40	Gen2	1	0	1	1	0
2010	annsedi	35	Gen2	1	0	1	1	0
2010	Storbarnsmamman	40	Gen2	1	0	1	1	0
2010	myran78	31	Gen2	1	0	1	1	0
2010	jazzy	23	Gen3	1	1	0	0	1
2010	Linny79	30	Gen3	1	1	0	0	1
2010	Linyana	20	Gen4	1	0	1	1	0
2010	gilia	24	Gen3	1	0	1	1	0
2010	snigelkatt	34	Gen2	1	0	1	1	0
2010	Kaka	40	Gen2	1	0	1	1	0
2010	Ängla88	37	Gen2	1	0	1	1	0
2010	Lovisa87	22	Gen3	1	0	1	1	0
2010	Linaslus	25	Gen3	1	1	0	0	1
2010	Tinka	40	Gen2	1	0	1	1	0
2010	Sissa Blom	36	Gen2	1	0	1	1	0
2010	ERIKA8585	24	Gen3	1	0	1	1	0
2010	Linisen	40	Gen2	1	0	1	1	0
2010	mammahaj	21	Gen3	1	0	1	1	0
2010	Vicha	32	Gen2	1	0	1	1	0
2010	Essica	40	Gen2	1	0	1	1	0
2010	veme	25	Gen3	1	0	1	1	0
2010	Estrellitas	23	Gen3	1	0	1	1	0
2010	lillgarden	26	Gen3	1	0	1	1	0
2010	smulan 75	34	Gen2	1	0	1	1	0
2010	Raggarflickan	28	Gen3	1	0	1	1	0
2010	fruganL	20	Gen4	1	0	1	1	0
2010	Banni	40	Gen2	1	0	1	1	0
2010	Stina10	20	Gen4	1	0	1	1	0
2010	VildaVackraVilja	26	Gen3	1	0	1	1	0
2010	Kiwi10	28	Gen3	1	0	1	1	0
2010	Smulanpus	28	Gen3	1	0	1	1	0
2010	nallemajja	40	Gen2	1	0	1	1	0
2010	Barabeckis	20	Gen4	1	0	1	1	0
2010	ReMa	40	Gen2	1	0	1	1	0
2010	Dhevil	21	Gen3	1	0	1	1	0
2010	memba	29	Gen3	1	0	1	1	0
2010	kjempejente	38	Gen2	1	0	1	1	0
2010	DenNamnbitne	20	Gen4	1	0	1	1	0
2010	ängelenfrånovan	21	Gen3	1	0	1	1	0
2010	Lilithmoon	29	Gen3	1	0	1	1	0
2010	Fru Brastad	33	Gen2	1	0	1	1	0
2010	Mile	39	Gen2	1	0	1	1	0
2010	Tecken	40	Gen2	1	0	1	1	0
2010	MD77	32	Gen2	1	0	1	1	0
2010	M1986	23	Gen3	1	0	1	1	0
2010	Kamillan	32	Gen2	1	0	1	1	0
2010	Smurfan JM	24	Gen3	1	0	1	1	0
2010	Camarogirl	39	Gen2	1	0	1	1	0
2010	Jencie	22	Gen3	1	0	1	1	0
2010	Tassens syskon	40	Gen2	1	0	1	1	0
2010	Vante	40	Gen2	1	0	1	1	0
2010	J0SSAN	27	Gen3	1	0	1	1	0
2010	Rollindynamite	19	Gen4	1	0	1	1	0
2010	Trillian80	24	Gen3	1	0	1	1	0
2010	sunni	24	Gen3	1	1	0	0	1
2010	Missy M	23	Gen3	1	1	0	0	1
2010	Miniz1983	26	Gen3	1	0	1	1	0
2010	Gabriella85	24	Gen3	1	0	1	1	0
2010	Mea Culpa	40	Gen2	1	0	1	1	0
2010	JvH	40	Gen2	1	0	1	1	0
2010	Ablan	24	Gen3	1	0	1	1	0
2010	47705	38	Gen2	1	0	1	1	0
2010	RestoreMe	36	Gen2	1	0	1	1	0
2010	Mickan84	25	Gen3	1	0	1	1	0
2010	Emennie	23	Gen3	1	0	1	1	0
2010	Birka	40	Gen2	1	0	1	1	0
2010	Dixy	29	Gen3	1	0	1	1	0
2010	Jigge	29	Gen3	1	0	1	1	0
2010	Rastafairy	23	Gen3	1	0	1	1	0
2010	Tokfrjant	21	Gen3	1	0	1	1	0
2010	Steffi	38	Gen2	1	0	1	1	0
2010	sandiberu	27	Gen3	1	0	1	1	0
2010	FruHall	21	Gen3	1	0	1	1	0
2010	Pearl	40	Gen2	1	1	0	0	1
2010	mariahammarberg	29	Gen3	1	0	1	1	0
2010	NorrVimpel	37	Gen2	1	0	1	1	0
2010	Lycklig88	21	Gen3	1	0	1	1	0
2010	epikuren	21	Gen3	1	0	1	1	0
2010	star83	26	Gen3	1	0	1	1	0
2010	SmUrFtUsS	27	Gen3	1	0	1	1	0
2010	NovemberMommy	18	Gen4	1	0	1	1	0
2010	Neccin	20	Gen4	1	0	1	1	0
2010	Ella H	45	Gen1	1	0	1	1	0
2010	2 små prinsessor	23	Gen3	1	0	1	1	0
2010	Gullegrynet	40	Gen2	1	0	1	1	0
2010	Lill Bästis	23	Gen3	1	0	1	1	0
2010	Underlig	35	Gen2	1	1	0	0	1
2010	tessise	29	Gen3	1	0	1	1	0
2010	Crea Diem	38	Gen2	1	0	1	1	0
2010	LeyasMamma	21	Gen3	1	0	1	1	0
2010	Curious	24	Gen3	1	0	1	1	0
2010	Rodenback	56	Gen1	1	0	1	1	0
2010	Linnpinn	40	Gen2	1	0	1	1	0
2010	Snärtan	37	Gen2	1	0	1	1	0
2010	skånegås	28	Gen3	1	0	1	1	0
2010	Galatheaa	20	Gen4	1	0	1	1	0
2010	Uliise	22	Gen3	1	0	1	1	0
2010	lottsan	28	Gen3	1	0	1	1	0
2010	Emilia75	34	Gen2	1	0	1	1	0
2010	solrosfrö	36	Gen2	1	0	1	1	0
2010	Melike	27	Gen3	1	1	0	0	1
2010	lillalorten06	26	Gen3	1	0	1	1	0
2010	saferide	21	Gen3	1	0	1	1	0
2010	InteVetJag	40	Gen2	1	0	1	1	0
2010	ceisabelle	22	Gen3	1	0	1	1	0
2010	Neasmamma	21	Gen3	1	0	1	1	0
